19970307,94.51323292,94.54961214,94.33133678,94.34952639,   16627,    8665,199706
19970310,94.39500043,94.39500043,94.28586275,94.32224197,   10726,   13379,199706
19970311,94.31314717,94.44956927,94.26767313,94.32224197,   14873,   18345,199706
19970312,94.31314717,94.38590562,94.28586275,94.37681081,   10074,   20180,199706
19970313,94.34043159,94.42228485,94.33133678,94.36771601,   13505,   26502,199706
19970314,94.34952639,94.44047446,94.34952639,94.43137965,   12048,   26244,199706
19970317,94.43137965,94.44047446,94.22219910,94.22219910,   14855,   30424,199706
19970318,94.20400948,94.21310429,94.05849257,94.15853545,   34114,   50395,199706
19970319,94.22219910,94.24038871,94.14034584,94.14944064,   19600,   51863,199706
19970320,94.14944064,94.21310429,94.11306141,94.18581987,   17216,   47369,199706
19970321,94.27676794,94.28586275,94.23129390,94.23129390,    9517,   47369,199706
19970324,94.24948352,94.26767313,94.22219910,94.24038871,    9935,   48166,199706
19970325,94.25857832,94.31314717,94.25857832,94.29495755,    7493,   49243,199706
19970326,94.25857832,94.32224197,94.22219910,94.29495755,    8489,   50517,199706
19970327,94.33133678,94.41319004,94.32224197,94.35862120,    8592,   51954,199706
19970401,94.33133678,94.35862120,94.30405236,94.34043159,   16509,   59542,199706
19970402,94.34952639,94.38590562,94.34043159,94.36771601,   10507,   59431,199706
19970403,94.37681081,94.37681081,94.33133678,94.36771601,   10598,   61954,199706
19970404,94.37681081,94.44956927,94.37681081,94.42228485,    8917,   58874,199706
19970407,94.44047446,94.51323292,94.44047446,94.49504330,   10489,   59377,199706
19970408,94.50413811,94.53142253,94.45866408,94.46775888,   15888,   57758,199706
19970409,94.48594850,94.51323292,94.44956927,94.46775888,   12463,   57267,199706
19970410,94.47685369,94.48594850,94.44956927,94.46775888,    7242,   52225,199706
19970411,94.46775888,94.48594850,94.40409523,94.42228485,    8586,   51206,199706
19970414,94.42228485,94.44956927,94.40409523,94.41319004,    7037,   52556,199706
19970415,94.42228485,94.55870695,94.42228485,94.54961214,   11356,   54056,199706
19970416,94.54961214,94.57689656,94.50413811,94.55870695,    8868,   53293,199706
19970417,94.60418099,94.63146541,94.56780176,94.59508618,   18314,   60892,199706
19970418,94.60418099,94.63146541,94.56780176,94.63146541,   12432,   56271,199706
19970421,94.64056021,94.64965502,94.54961214,94.56780176,   15544,   60643,199706
19970422,94.54051734,94.59508618,94.54051734,94.58599137,    9777,   56013,199706
19970423,94.61327579,94.62237060,94.55870695,94.56780176,   11650,   57395,199706
19970424,94.57689656,94.60418099,94.53142253,94.54961214,    9034,   56348,199706
19970425,94.54051734,94.54051734,94.51323292,94.52232772,    9034,   47296,199706
19970428,94.53142253,94.53142253,94.48594850,94.50413811,    4128,   46030,199706
19970429,94.51323292,94.58599137,94.47685369,94.57689656,   12458,   49811,199706
19970430,94.64056021,94.64056021,94.54961214,94.61327579,    8599,   35442,199706
19970502,94.66784463,94.67693944,94.61327579,94.62237060,    9281,   37681,199706
19970505,94.67693944,94.67693944,94.63146541,94.64056021,    2739,   33687,199706
19970506,94.65874983,94.67693944,94.63146541,94.67693944,   11011,   37874,199706
19970507,94.66784463,94.66784463,94.64056021,94.65874983,    7988,   36630,199706
19970509,94.69512905,94.74060309,94.68603425,94.69512905,   11597,   36630,199706
19970512,94.68603425,94.74969790,94.68603425,94.74969790,    9774,   39404,199706
19970513,94.74969790,94.76788751,94.73150828,94.74060309,   10801,   39242,199706
19970514,94.72241347,94.79517193,94.71331867,94.78607712,    7328,   36991,199706
19970515,94.78607712,94.78607712,94.71331867,94.74969790,    9475,   35804,199706
19970516,94.75879270,94.76788751,94.62237060,94.66784463,   13072,   37943,199706
19970520,94.64965502,94.66784463,94.62237060,94.65874983,    9401,   37679,199706
19970521,94.69512905,94.69512905,94.63146541,94.64056021,   18189,   44160,199706
19970522,94.61327579,94.65874983,94.59508618,94.60418099,   25026,   48551,199706
19970523,94.62237060,94.65874983,94.60418099,94.64965502,   16019,   37554,199706
19970526,94.63146541,94.65874983,94.62237060,94.64056021,    3847,   33448,199706
19970527,94.64965502,94.66784463,94.61327579,94.63146541,    7661,   34933,199706
19970528,94.63146541,94.67693944,94.60418099,94.66784463,   14249,   37869,199706
19970530,94.67693944,94.67693944,94.59508618,94.63146541,   18316,   41497,199706
19970602,94.60418099,94.65874983,94.58599137,94.64965502,   15604,   43990,199706
19970603,94.67693944,94.74969790,94.64965502,94.74060309,   20526,   42797,199706
19970604,94.74060309,94.77698232,94.72241347,94.76788751,   12528,   34331,199706
19970605,94.75879270,94.82245635,94.74969790,94.77698232,   11304,   25564,199706
19970606,94.69502843,94.74971802,94.66768363,94.74060309,    9102,   31506,199709
19970609,94.77706282,94.82263748,94.74060309,94.75883295,   10937,   36158,199709
19970610,94.75883295,94.79529268,94.75883295,94.79529268,    6469,   35748,199709
19970611,94.78617775,94.81352254,94.76794788,94.78617775,    8468,   34346,199709
19970612,94.79529268,94.86821214,94.77706282,94.84998227,    9210,   35497,199709
19970613,94.84998227,94.86821214,94.81352254,94.84086734,   13584,   41581,199709
19970616,94.83175241,94.84998227,94.80440761,94.81352254,   12084,   34790,199709
19970617,94.82263748,94.84086734,94.74060309,94.75883295,   15997,   39848,199709
19970618,94.74060309,94.79529268,94.74060309,94.79529268,   18755,   45256,199709
19970619,94.82263748,94.82263748,94.73148816,94.74060309,   16091,   44910,199709
19970620,94.74060309,94.79529268,94.74060309,94.78617775,    9050,   34408,199709
19970623,94.79529268,94.79529268,94.75883295,94.78617775,   10278,   39564,199709
19970624,94.76794788,94.83175241,94.75883295,94.83175241,   16122,   35006,199709
19970625,94.83175241,94.86821214,94.82263748,94.86821214,   12336,   47549,199709
19970626,94.84998227,94.92290173,94.84998227,94.91378680,   13316,   48605,199709
19970627,94.88644200,94.93201666,94.88644200,94.91378680,    7548,   43570,199709
19970630,94.92290173,94.92290173,94.83175241,94.84998227,    8843,   46510,199709
19970701,94.84998227,94.90467186,94.82263748,94.90467186,   10264,   46128,199709
19970702,94.90467186,94.93201666,94.89555693,94.91378680,   11848,   46357,199709
19970703,94.90467186,94.94113159,94.86821214,94.92290173,   13250,   48538,199709
19970704,94.91378680,94.95024652,94.91378680,94.93201666,    6549,   45257,199709
19970707,94.94113159,94.99582118,94.93201666,94.97759132,   10558,   45293,199709
19970708,94.97759132,94.98670625,94.95024652,94.97759132,   11489,   47036,199709
19970709,94.97759132,95.01405105,94.96847639,94.97759132,   12892,   47105,199709
19970710,94.98670625,94.98670625,94.91378680,94.94113159,   13089,   46572,199709
19970711,94.95936146,94.95936146,94.90467186,94.94113159,   12923,   47210,199709
19970714,94.95024652,94.95024652,94.74971802,94.77706282,   21569,   53217,199709
19970715,94.74060309,94.74971802,94.66768363,94.73148816,   24213,   55069,199709
19970716,94.76794788,94.79529268,94.74060309,94.75883295,   12828,   53865,199709
19970717,94.80440761,94.82263748,94.78617775,94.79529268,   16512,   54277,199709
19970718,94.78617775,94.79529268,94.75883295,94.76794788,    8539,   46693,199709
19970721,94.75883295,94.79529268,94.75883295,94.78617775,    5675,   48116,199709
19970722,94.77706282,94.78617775,94.74971802,94.76794788,   12017,   52802,199709
19970723,94.82263748,94.83175241,94.58564924,94.64033884,   37122,   47870,199709
19970724,94.63122390,94.67679856,94.44892526,94.50361486,   37256,   50313,199709
19970725,94.51272979,94.53095965,94.39423567,94.49449992,   23710,   68316,199709
19970728,94.45804020,94.48538499,94.39423567,94.45804020,   15720,   66755,199709
19970729,94.47627006,94.56741938,94.47627006,94.56741938,   16781,   62576,199709
19970730,94.58564924,94.58564924,94.46715513,94.49449992,   34561,   74792,199709
19970731,94.47627006,94.56741938,94.47627006,94.50361486,   26156,   72256,199709
19970801,94.48538499,94.50361486,94.30308635,94.37600581,   42661,   59327,199709
19970804,94.34866101,94.38512074,94.25751169,94.32131622,   25426,   68970,199709
19970805,94.33954608,94.37600581,94.16636237,94.21193703,   30499,   70043,199709
19970806,94.19370717,94.40335060,94.18459224,94.37600581,   35147,   69255,199709
19970807,94.34866101,94.46715513,94.31220128,94.45804020,   31210,   72273,199709
19970808,94.42158047,94.56741938,94.37600581,94.42158047,   42839,   75196,199709
19970811,94.42158047,94.52184472,94.40335060,94.47627006,   15514,   68967,199709
19970812,94.48538499,94.50361486,94.37600581,94.37600581,   30707,   70576,199709
19970813,94.33043115,94.37600581,94.23928183,94.30308635,   34233,   66937,199709
19970814,94.33954608,94.36689088,94.28485649,94.33954608,   22737,   67375,199709
19970815,94.33954608,94.36689088,94.21193703,94.31220128,   37822,   69477,199709
19970818,94.41246554,94.46715513,94.36689088,94.46715513,   31898,   71595,199709
19970819,94.43981033,94.49449992,94.36689088,94.47627006,   28659,   75721,199709
19970820,94.47627006,94.47627006,94.31220128,94.33043115,   33936,   78405,199709
19970821,94.33954608,94.38512074,94.29397142,94.31220128,   27622,   77384,199709
19970822,94.26662662,94.43069540,94.21193703,94.22105196,   35417,   79095,199709
19970825,94.23928183,94.25751169,94.17547730,94.20282210,    9982,   84960,199709
19970826,94.20282210,94.25751169,94.11167278,94.23928183,   21899,   78464,199709
19970827,94.25751169,94.28485649,94.20282210,94.23928183,   18648,   79806,199709
19970828,94.26662662,94.45804020,94.26662662,94.44892526,   42777,   77583,199709
19970829,94.44892526,94.49449992,94.33954608,94.34866101,   25915,   78175,199709
19970901,94.33043115,94.40335060,94.33043115,94.37600581,   13213,   70742,199709
19970902,94.37600581,94.37600581,94.27574156,94.31220128,   24802,   65157,199709
19970903,94.31220128,94.33043115,94.23928183,94.28485649,   26082,   55862,199709
19970904,94.27574156,94.33043115,94.27574156,94.33043115,   26837,   52940,199709
19970905,94.32131622,94.45804020,94.32131622,94.35777594,   23962,   48515,199709
19970908,94.33028974,94.44009316,94.31198917,94.36689088,   12230,   65831,199712
19970909,94.35774059,94.43094287,94.35774059,94.42179259,   11168,   66159,199712
19970910,94.40349202,94.55904687,94.40349202,94.51329544,   16642,   69268,199712
19970911,94.55904687,94.58649772,94.41264230,94.49499487,   29326,   70950,199712
19970912,94.50414515,94.50414515,94.40349202,94.46754401,   20154,   74324,199712
19970915,94.44924344,94.45839373,94.24793717,94.32113945,   38592,   70997,199712
19970916,94.32113945,94.36689088,94.25708745,94.35774059,   30387,   68758,199712
19970917,94.35774059,94.38519145,94.28453831,94.35774059,   18331,   70800,199712
19970918,94.33944002,94.38519145,94.31198917,94.36689088,   24332,   71398,199712
19970919,94.33944002,94.34859031,94.22963660,94.24793717,   24065,   70551,199712
19970922,94.11983318,94.26623774,94.11983318,94.20218574,   29032,   70992,199712
19970923,94.20218574,94.33028974,94.20218574,94.30283888,   49382,   75563,199712
19970924,94.30283888,94.43094287,94.29368860,94.38519145,   75401,   78552,199712
19970925,94.36689088,94.36689088,94.26623774,94.27538803,   36409,   85695,199712
19970926,94.29368860,94.32113945,94.21133603,94.23878688,   30378,   87976,199712
19970929,94.24793717,94.26623774,94.22048631,94.23878688,   13827,   93765,199712
19970930,94.22963660,94.31198917,94.22963660,94.28453831,   20299,   94317,199712
19971001,94.29368860,94.31198917,94.25708745,94.29368860,   29797,   95376,199712
19971002,94.24793717,94.31198917,94.24793717,94.30283888,   26557,   96675,199712
19971006,94.29368860,94.38519145,94.26623774,94.30283888,   28094,   98723,199712
19971007,94.30283888,94.35774059,94.29368860,94.31198917,   27784,   93046,199712
19971008,94.32113945,94.33944002,94.22963660,94.26623774,   31030,   92938,199712
19971009,94.23878688,94.23878688,93.80872348,93.84532462,   72024,   96006,199712
19971010,93.88192576,93.90022633,93.66231892,93.79957320,   67036,   99487,199712
19971013,93.83617434,93.90937662,93.83617434,93.86362519,   17741,  104053,199712
19971014,93.88192576,93.95512804,93.88192576,93.90937662,   22085,  117086,199712
19971015,93.90022633,93.90937662,93.73552120,93.75382177,   34170,  103261,199712
19971016,93.75382177,93.75382177,93.51591436,93.59826692,   52322,  108233,199712
19971017,93.58911664,93.60741721,93.49761379,93.56166578,   44346,  115608,199712
19971020,93.59826692,93.63486806,93.53421493,93.57081607,   26767,  114159,199712
19971021,93.58911664,93.60741721,93.51591436,93.51591436,   42404,  108648,199712
19971022,93.48846350,93.55251550,93.42441151,93.51591436,   43570,   97625,199712
19971023,93.56166578,93.72637092,93.56166578,93.64401835,   52353,  104934,199712
19971024,93.74467149,93.88192576,93.64401835,93.83617434,   50509,  114598,199712
19971027,93.88192576,93.93682747,93.82702405,93.86362519,   47044,  113300,199712
19971028,94.04663090,94.24793717,93.90937662,93.92767719,   89912,  108008,199712
19971029,93.82702405,94.06493147,93.77212234,94.01918004,   41314,  118898,199712
19971030,94.06493147,94.17473489,94.03748061,94.09238232,   50438,  116518,199712
19971031,94.07408175,94.17473489,94.02833033,94.14728403,   25456,  114606,199712
19971103,94.08323204,94.10153261,94.01918004,94.09238232,   26535,  116637,199712
19971104,94.09238232,94.13813375,94.01918004,94.07408175,   29015,  119437,199712
19971105,94.06493147,94.06493147,93.96427833,93.99172919,   59276,  105043,199712
19971106,94.00087947,94.01918004,93.91852690,94.01002976,   47230,  103774,199712
19971107,94.09238232,94.09238232,93.99172919,94.01002976,   40018,   97022,199712
19971110,93.95512804,93.97342861,93.90937662,93.92767719,   18521,  100189,199712
19971111,93.94597776,93.95512804,93.88192576,93.94597776,   16422,   97072,199712
19971112,93.94597776,93.99172919,93.83617434,93.89107605,   25734,   97955,199712
19971113,93.89107605,94.08323204,93.87277548,94.04663090,   26628,   97663,199712
19971114,94.04663090,94.18388517,94.04663090,94.15643432,   41140,   97375,199712
19971117,94.10153261,94.18388517,94.07408175,94.16558460,   21043,   94937,199712
19971118,94.17473489,94.22963660,94.05578118,94.11068289,   28282,   94064,199712
19971119,94.12898346,94.17473489,94.09238232,94.16558460,   24242,   89702,199712
19971120,94.16558460,94.20218574,94.10153261,94.18388517,   22960,   90386,199712
19971121,94.15643432,94.17473489,94.08323204,94.12898346,   26266,   87688,199712
19971124,94.15643432,94.20218574,94.13813375,94.17473489,   19072,   92978,199712
19971125,94.15643432,94.24793717,94.13813375,94.22048631,   27522,   91048,199712
19971126,94.21133603,94.22963660,94.16558460,94.20218574,   21386,   87911,199712
19971127,94.18388517,94.20218574,94.13813375,94.19303546,   15950,   91330,199712
19971128,94.18388517,94.32113945,94.18388517,94.27538803,   26860,   83010,199712
19971201,94.25708745,94.34859031,94.23878688,94.26623774,   23751,   84946,199712
19971202,94.27538803,94.32113945,94.22963660,94.24793717,   27379,   76248,199712
19971203,94.22963660,94.27538803,94.17473489,94.19303546,   30399,   66539,199712
19971204,94.24793717,94.25708745,94.17473489,94.25708745,   26082,   49714,199712
19971205,94.22963660,94.29368860,94.18388517,94.22048631,   29127,   40137,199712
19971208,94.18376467,94.25728830,94.18376467,94.21133603,   19061,   95428,199803
19971209,94.22971694,94.22971694,94.18376467,94.21133603,   23176,   97407,199803
19971210,94.22052648,94.23890739,94.18376467,94.22971694,   19915,  101067,199803
19971211,94.24809784,94.45028781,94.22971694,94.45028781,   34763,  104736,199803
19971212,94.42271645,94.62490642,94.42271645,94.52381144,   26453,  114690,199803
19971215,94.51462099,94.56057325,94.50543053,94.51462099,   17690,  114278,199803
19971216,94.50543053,94.54219235,94.47785917,94.50543053,   20519,  113254,199803
19971217,94.46866872,94.47785917,94.41352600,94.44109736,   38199,  108621,199803
19971218,94.44109736,94.55138280,94.44109736,94.54219235,   23267,  111223,199803
19971219,94.58814461,94.77195368,94.57895416,94.71681096,   20483,  113707,199803
19971222,94.75357277,94.86385821,94.70762050,94.73519186,   12749,  117250,199803
19971223,94.77195368,94.81790594,94.73519186,94.78114413,    9697,  117328,199803
19971229,94.74438232,94.77195368,94.68004914,94.69843005,    6061,  120607,199803
19971230,94.70762050,94.71681096,94.58814461,94.61571597,    8745,  121769,199803
19980102,94.60652552,94.64328733,94.52381144,94.62490642,    9313,  117492,199803
19980105,94.71681096,94.76276322,94.64328733,94.72600141,   36533,  117605,199803
19980106,94.75357277,94.75357277,94.63409688,94.69843005,   35176,  124248,199803
19980107,94.70762050,94.76276322,94.70762050,94.74438232,   27404,  119621,199803
19980108,94.72600141,94.98333410,94.72600141,94.96495319,   33845,  117779,199803
19980109,94.94657229,95.02928637,94.89142957,95.00171501,   53704,  119419,199803
19980112,95.12119090,95.19471452,95.02928637,95.06604818,   52599,  116992,199803
19980113,95.06604818,95.16714316,94.97414365,95.08442909,   45108,  114591,199803
19980114,95.05685773,95.17633362,94.98333410,95.09361954,   33574,  143286,199803
19980115,95.05685773,95.15795271,95.04766727,95.07523863,   38199,  118174,199803
19980116,95.02928637,95.17633362,95.01090546,95.15795271,   47438,  116615,199803
19980119,95.12119090,95.14876226,95.08442909,95.13957180,   25269,  120452,199803
19980120,95.13957180,95.24985724,95.13957180,95.14876226,   44192,  115677,199803
19980121,95.13957180,95.15795271,95.01090546,95.07523863,   54473,  121682,199803
19980122,95.12119090,95.15795271,95.00171501,95.04766727,   63213,  123835,199803
19980123,95.01090546,95.11200045,94.99252455,95.07523863,   41547,  115510,199803
19980126,95.02928637,95.19471452,95.02009591,95.17633362,   53309,  117640,199803
19980127,95.17633362,95.21309543,95.13957180,95.14876226,   37721,  112626,199803
19980128,95.17633362,95.18552407,95.10280999,95.11200045,   41666,  107300,199803
19980129,95.10280999,95.24066679,95.07523863,95.21309543,   43075,  109029,199803
19980130,95.21309543,95.26823815,95.16714316,95.19471452,   29423,  107185,199803
19980202,95.19471452,95.20390498,95.13038135,95.15795271,   16079,  115286,199803
19980203,95.15795271,95.20390498,95.13957180,95.19471452,   22623,  112180,199803
19980204,95.19471452,95.19471452,95.09361954,95.11200045,   25530,  107753,199803
19980205,95.11200045,95.13957180,95.08442909,95.09361954,   21582,  104790,199803
19980206,95.09361954,95.15795271,95.07523863,95.12119090,   31669,  103055,199803
19980209,95.10280999,95.15795271,95.10280999,95.10280999,   13299,  106146,199803
19980210,95.10280999,95.14876226,95.10280999,95.13038135,   20214,  106012,199803
19980211,95.13957180,95.20390498,95.13038135,95.19471452,   35152,  105150,199803
19980212,95.21309543,95.22228588,95.17633362,95.20390498,   27105,  101165,199803
19980213,95.17633362,95.24066679,95.17633362,95.19471452,   22373,  102957,199803
19980216,95.19471452,95.22228588,95.19471452,95.20390498,   14397,  102661,199803
19980217,95.23147634,95.29580951,95.20390498,95.28661906,   29381,  103982,199803
19980218,95.27742860,95.31419042,95.23147634,95.25904770,   45613,  106140,199803
19980219,95.24066679,95.27742860,95.22228588,95.24985724,   33871,  105205,199803
19980220,95.24985724,95.25904770,95.20390498,95.23147634,   14959,  101265,199803
19980223,95.27742860,95.29580951,95.21309543,95.22228588,   14048,   98673,199803
19980224,95.23147634,95.25904770,95.12119090,95.15795271,   24710,   95197,199803
19980225,95.13038135,95.25904770,95.09361954,95.24066679,   57315,   98435,199803
19980226,95.25904770,95.25904770,95.18552407,95.22228588,   30114,  104891,199803
19980227,95.22228588,95.26823815,95.16714316,95.21309543,   26916,   99272,199803
19980302,95.23147634,95.24985724,95.18552407,95.24066679,   17529,   96049,199803
19980303,95.24066679,95.24066679,95.16714316,95.16714316,   50167,   83986,199803
19980304,95.18552407,95.18552407,95.05685773,95.09361954,   55752,   69064,199803
19980305,95.11200045,95.26823815,95.04766727,95.23147634,   20408,   48540,199803
19980306,95.13036002,95.18556673,95.03834884,95.14876226,   40095,   83616,199806
19980309,95.16716449,95.24997456,95.13956114,95.24077344,   40002,   80297,199806
19980310,95.22237120,95.26837679,95.20396897,95.24077344,   33231,   83073,199806
19980311,95.25917568,95.27757791,95.17636561,95.19476785,   39061,   84347,199806
19980312,95.19476785,95.24077344,95.17636561,95.23157232,   32078,   85928,199806
19980313,95.23157232,95.24997456,95.13036002,95.15796338,   32194,   92889,199806
19980316,95.17636561,95.19476785,95.13956114,95.15796338,   20462,   83104,199806
19980317,95.15796338,95.18556673,95.02914772,95.13036002,   29980,   84544,199806
19980318,95.13956114,95.15796338,95.11195779,95.14876226,   52925,   82904,199806
19980319,95.13036002,95.13956114,94.95553878,94.99234325,   93205,   90040,199806
19980320,95.01074549,95.03834884,94.93713654,94.98314213,   47585,  108238,199806
19980323,94.97394101,95.01994660,94.95553878,95.01074549,   25573,  109167,199806
19980324,95.01074549,95.05675108,95.01074549,95.04754996,   32143,  136009,199806
19980325,95.05675108,95.09355555,95.00154437,95.00154437,   42109,  136009,199806
19980326,95.00154437,95.02914772,94.98314213,95.01994660,   22690,  120560,199806
19980327,95.01074549,95.02914772,94.98314213,94.98314213,   13041,  113577,199806
19980330,95.02914772,95.02914772,94.89113095,94.90033207,   37862,  132728,199806
19980331,94.91873431,94.93713654,94.82672312,94.92793542,   55957,  155530,199806
19980401,94.91873431,94.93713654,94.83592424,94.84512536,   53729,  161508,199806
19980402,94.88192983,94.90953319,94.83592424,94.90033207,   47039,  154438,199806
19980403,94.93713654,95.04754996,94.90953319,95.04754996,   62928,  170386,199806
19980406,95.01994660,95.02914772,94.89113095,94.89113095,   45049,  133876,199806
19980407,94.90033207,94.90033207,94.84512536,94.85432648,   48196,  136638,199806
19980408,94.84512536,94.90953319,94.83592424,94.89113095,   31307,  166641,199806
19980409,94.88192983,94.92793542,94.86352760,94.90953319,   23455,  148845,199806
19980414,94.90953319,94.90953319,94.86352760,94.89113095,   19852,  149538,199806
19980415,94.90033207,94.90953319,94.78991865,94.81752201,   45125,  144673,199806
19980416,94.83592424,94.85432648,94.79911977,94.84512536,   42315,  144752,199806
19980417,94.86352760,94.90953319,94.83592424,94.83592424,   34505,  146434,199806
19980420,94.84512536,94.85432648,94.77151642,94.79911977,   28522,  145949,199806
19980421,94.80832089,94.87272872,94.75311418,94.82672312,   42119,  144975,199806
19980422,94.84512536,94.93713654,94.84512536,94.90033207,   59360,  150159,199806
19980423,94.90953319,94.96473990,94.88192983,94.93713654,   45211,  149305,199806
19980424,94.90953319,94.93713654,94.90033207,94.90953319,   30429,  150482,199806
19980427,94.90953319,94.91873431,94.80832089,94.83592424,   59815,  145568,199806
19980428,94.84512536,94.88192983,94.82672312,94.87272872,   33732,  149493,199806
19980429,94.85432648,94.89113095,94.74391306,94.77151642,   69573,  152694,199806
19980430,94.75311418,94.84512536,94.71630971,94.83592424,   51592,  158586,199806
19980504,94.82672312,94.82672312,94.73471194,94.81752201,   30422,  156669,199806
19980505,94.82672312,94.84512536,94.74391306,94.76231530,   58046,  151293,199806
19980506,94.76231530,94.80832089,94.74391306,94.78991865,   33023,  147757,199806
19980507,94.80832089,94.85432648,94.79911977,94.83592424,   45909,  153433,199806
19980508,94.82672312,94.93713654,94.82672312,94.93713654,   50045,  156026,199806
19980511,94.90033207,94.93713654,94.87272872,94.88192983,   21898,  159138,199806
19980512,94.87272872,94.88192983,94.84512536,94.87272872,   33057,  156876,199806
19980513,94.90953319,94.91873431,94.89113095,94.90953319,   39358,  153626,199806
19980514,94.91873431,94.93713654,94.89113095,94.90953319,   27997,  156739,199806
19980515,94.90953319,94.91873431,94.88192983,94.90033207,   19493,  158443,199806
19980518,94.90033207,94.91873431,94.87272872,94.90953319,   24243,  156995,199806
19980519,94.90033207,94.91873431,94.88192983,94.90033207,   39338,  151503,199806
19980520,94.90033207,94.95553878,94.89113095,94.93713654,   52470,  160622,199806
19980522,94.94633766,94.98314213,94.92793542,94.96473990,   25057,  159452,199806
19980525,94.97394101,94.97394101,94.95553878,94.97394101,    8610,  165387,199806
19980526,94.98314213,95.01074549,94.97394101,95.01074549,   29379,  161741,199806
19980527,95.02914772,95.12115890,95.01074549,95.11195779,   74745,  155751,199806
19980528,95.10275667,95.11195779,95.06595220,95.08435443,   39416,  164607,199806
19980529,95.09355555,95.13036002,95.08435443,95.12115890,   48695,  150975,199806
19980602,95.14876226,95.18556673,95.11195779,95.12115890,   57113,  143273,199806
19980603,95.13956114,95.13956114,95.08435443,95.09355555,   40355,  124800,199806
19980604,95.10275667,95.10275667,94.96473990,95.03834884,   60051,  102531,199806
19980605,95.02914772,95.02914772,94.98314213,95.01074549,   51835,   78336,199806
19980608,94.98312964,94.99234325,94.96470241,94.99234325,   36079,  133468,199809
19980609,94.98312964,94.98312964,94.91863435,94.93706158,   46945,  144432,199809
19980610,94.95548880,95.04762492,94.93706158,95.04762492,   57266,  149303,199809
19980612,95.08447937,95.16740188,95.08447937,95.14897466,   40463,  154958,199809
19980615,95.16740188,95.18582911,95.13976105,95.15818827,   28597,  158669,199809
19980616,95.16740188,95.16740188,95.11212021,95.13054744,   33301,  158333,199809
19980617,95.12133382,95.13054744,95.06605215,95.09369299,   46314,  155430,199809
19980618,95.09369299,95.13054744,95.03841131,95.13054744,   42431,  159238,199809
19980619,95.11212021,95.11212021,95.03841131,95.05683854,   28054,  165027,199809
19980622,95.07526576,95.11212021,95.07526576,95.08447937,   20675,  157921,199809
19980623,95.08447937,95.12133382,95.06605215,95.12133382,   26092,  158381,199809
19980624,95.14897466,95.14897466,95.07526576,95.13054744,   76688,  162124,199809
19980625,95.12133382,95.18582911,95.11212021,95.18582911,   43033,  166746,199809
19980626,95.19504272,95.25032440,95.15818827,95.24111078,   39161,  170199,199809
19980629,95.22268356,95.24111078,95.19504272,95.20425633,   21519,  166183,199809
19980630,95.19504272,95.21346995,95.15818827,95.19504272,   28333,  163135,199809
19980701,95.20425633,95.22268356,95.14897466,95.22268356,   31459,  165059,199809
19980702,95.21346995,95.28717885,95.20425633,95.25953801,   40860,  160820,199809
19980703,95.24111078,95.28717885,95.23189717,95.27796523,   20869,  166042,199809
19980706,95.27796523,95.32403329,95.27796523,95.31481968,   25623,  161448,199809
19980707,95.31481968,95.34246052,95.26875162,95.27796523,   24613,  154384,199809
19980708,95.27796523,95.31481968,95.25953801,95.29639246,   30334,  158492,199809
19980709,95.30560607,95.37931497,95.26875162,95.32403329,   41331,  158500,199809
19980710,95.33324691,95.34246052,95.31481968,95.32403329,   20198,  167535,199809
19980713,95.32403329,95.34246052,95.25953801,95.27796523,   19576,  165003,199809
19980714,95.27796523,95.31481968,95.25953801,95.29639246,   25297,  161746,199809
19980715,95.30560607,95.31481968,95.26875162,95.30560607,   26124,  164676,199809
19980716,95.28717885,95.30560607,95.25032440,95.29639246,   36152,  167089,199809
19980717,95.28717885,95.31481968,95.26875162,95.31481968,   17547,  167532,199809
19980720,95.29639246,95.36088774,95.28717885,95.35167413,   19900,  165571,199809
19980721,95.34246052,95.35167413,95.30560607,95.34246052,   40546,  165999,199809
19980722,95.34246052,95.35167413,95.23189717,95.28717885,   75000,  169971,199809
19980723,95.29639246,95.34246052,95.28717885,95.33324691,   37954,  170967,199809
19980724,95.33324691,95.35167413,95.30560607,95.32403329,   34079,  167138,199809
19980727,95.31481968,95.32403329,95.26875162,95.28717885,   54233,  171123,199809
19980728,95.26875162,95.34246052,95.25032440,95.33324691,   28128,  175500,199809
19980729,95.31481968,95.32403329,95.28717885,95.30560607,   25946,  175171,199809
19980730,95.29639246,95.32403329,95.28717885,95.30560607,   24981,  173286,199809
19980731,95.31481968,95.33324691,95.29639246,95.32403329,   36256,  174291,199809
19980803,95.35167413,95.37931497,95.32403329,95.37010136,   24905,  178108,199809
19980804,95.36088774,95.39774219,95.34246052,95.38852858,   25506,  180363,199809
19980805,95.38852858,95.40695581,95.37010136,95.37931497,   26323,  176855,199809
19980806,95.39774219,95.41616942,95.37931497,95.40695581,   28253,  182341,199809
19980807,95.41616942,95.48987832,95.41616942,95.46223748,   50338,  174141,199809
19980810,95.47145109,95.51751915,95.44381026,95.48987832,   32689,  175037,199809
19980811,95.51751915,95.64650973,95.50830554,95.60965528,   72466,  172835,199809
19980812,95.59122805,95.60965528,95.56358722,95.59122805,   43402,  179396,199809
19980813,95.62808250,95.66493695,95.60044167,95.61886889,   63220,  190481,199809
19980814,95.60965528,95.66493695,95.56358722,95.65572334,   53445,  190003,199809
19980817,95.65572334,95.74785946,95.65572334,95.68336418,   43987,  194286,199809
19980818,95.67415056,95.67415056,95.63729611,95.66493695,   36986,  184366,199809
19980819,95.65572334,95.69257779,95.61886889,95.69257779,   35368,  179167,199809
19980820,95.68336418,95.81235475,95.67415056,95.78471391,   45469,  183048,199809
19980821,95.76628669,96.07033589,95.76628669,96.04269506,  104239,  178419,199809
19980824,96.01505422,96.08876312,95.95977255,96.02426783,   64811,  182579,199809
19980825,96.00584061,96.24539453,95.98741338,96.07954951,   83627,  210828,199809
19980826,96.12561757,96.18089924,95.86763642,95.89527726,   88167,  169574,199809
19980827,95.90449087,96.11640396,95.85842281,96.07954951,   68968,  154565,199809
19980828,96.08876312,96.29146259,96.08876312,96.15325841,   68398,  146126,199809
19980831,96.17168563,96.23618092,96.07033589,96.17168563,   19416,  143133,199809
19980901,96.26382175,96.30988982,96.02426783,96.05190867,   38640,  144072,199809
19980902,96.05190867,96.05190867,95.93213171,95.99662700,   33130,  142942,199809
19980903,96.00584061,96.11640396,95.97819977,96.03348145,   33887,  129659,199809
19980904,96.05190867,96.07033589,95.91370448,95.95055893,   29296,  108082,199809
19980907,95.95055893,95.97819977,95.90449087,95.92291810,   26317,   91302,199809
19980908,95.86768946,95.91369123,95.79408662,95.90449087,   30742,   94666,199812
19980909,95.87688981,96.10689866,95.85848910,96.09769831,   51094,   98365,199812
19980910,96.11609902,96.30930645,96.09769831,96.30930645,   61961,   94836,199812
19980911,96.38290928,96.49331353,96.20810256,96.22650326,   53387,  110009,199812
19980914,96.18970185,96.19890220,96.11609902,96.12529937,   29778,  113027,199812
19980915,96.14370008,96.24490397,96.11609902,96.11609902,   41699,  113861,199812
19980916,96.07009725,96.09769831,95.92289158,95.92289158,   66817,  108875,199812
19980917,95.99649441,96.07009725,95.91369123,95.99649441,   63091,  120793,199812
19980918,96.00569477,96.03329583,95.90449087,95.95049264,   41865,  129727,199812
19980921,96.00569477,96.07009725,95.97809370,95.97809370,   36761,  129341,199812
19980922,95.95049264,95.95049264,95.89529052,95.94129229,   19373,  126360,199812
19980923,95.93209193,95.96889335,95.87688981,95.95969300,   20772,  121399,199812
19980924,96.00569477,96.07929760,95.96889335,96.05169654,   44696,  125631,199812
19980925,96.08849795,96.18970185,96.06089689,96.09769831,   63662,  126478,199812
19980928,96.09769831,96.16210079,96.04249618,96.12529937,   17313,  135684,199812
19980929,96.13449972,96.14370008,96.06089689,96.10689866,   18544,  132835,199812
19980930,96.12529937,96.23570362,96.06089689,96.21730291,   33650,  122725,199812
19981001,96.21730291,96.32770716,96.21730291,96.26330468,   51351,  132048,199812
19981002,96.26330468,96.38290928,96.23570362,96.30010610,   47782,  137468,199812
19981005,96.30930645,96.37370893,96.26330468,96.37370893,   35161,  130740,199812
19981006,96.37370893,96.41971070,96.29090574,96.31850681,   38888,  130593,199812
19981007,96.28170539,96.35530822,96.18970185,96.23570362,   45403,  130593,199812
19981008,96.25410433,96.38290928,96.22650326,96.26330468,   81039,  120308,199812
19981009,96.18970185,96.37370893,96.02409548,96.24490397,   56908,  131509,199812
19981012,96.18970185,96.18970185,96.09769831,96.10689866,   29118,  125011,199812
19981013,96.10689866,96.19890220,96.05169654,96.09769831,   41029,  125594,199812
19981014,96.15290043,96.22650326,96.11609902,96.17130114,   45083,  118834,199812
19981015,96.17130114,96.21730291,96.00569477,96.09769831,   41592,  118340,199812
19981016,96.34610787,96.38290928,96.25410433,96.35530822,   50422,  120445,199812
19981019,96.33690751,96.36450858,96.30930645,96.30930645,   15561,  112817,199812
19981020,96.30010610,96.31850681,96.16210079,96.18050149,   37027,  114299,199812
19981021,96.16210079,96.30010610,96.12529937,96.29090574,   47364,  117953,199812
19981022,96.27250504,96.30010610,96.19890220,96.26330468,   60018,  121078,199812
19981023,96.24490397,96.31850681,96.24490397,96.27250504,   20629,  117832,199812
19981026,96.25410433,96.30010610,96.22650326,96.28170539,   29192,  116998,199812
19981027,96.30010610,96.30930645,96.24490397,96.29090574,   24188,  113421,199812
19981028,96.32770716,96.32770716,96.27250504,96.28170539,   23540,  128148,199812
19981029,96.28170539,96.32770716,96.28170539,96.30010610,   17794,  121899,199812
19981030,96.31850681,96.33690751,96.28170539,96.28170539,   18654,  121613,199812
19981102,96.26330468,96.27250504,96.14370008,96.14370008,   30969,  114677,199812
19981103,96.15290043,96.27250504,96.13449972,96.26330468,   39025,  114677,199812
19981104,96.27250504,96.27250504,96.13449972,96.14370008,   30009,  134525,199812
19981105,96.11609902,96.18970185,96.10689866,96.12529937,   35988,  137765,199812
19981106,96.11609902,96.15290043,95.97809370,95.98729406,   37196,  110484,199812
19981109,96.01489512,96.08849795,95.97809370,96.07009725,   23678,  124929,199812
19981110,96.08849795,96.09769831,96.05169654,96.06089689,   20105,  118828,199812
19981111,96.04249618,96.07009725,96.03329583,96.05169654,   12602,  118828,199812
19981112,96.05169654,96.08849795,95.98729406,96.00569477,   30029,  107766,199812
19981113,96.02409548,96.06089689,95.97809370,95.97809370,   28120,  107766,199812
19981116,96.00569477,96.00569477,95.94129229,95.99649441,   20680,  122942,199812
19981117,95.95969300,96.06089689,95.95969300,96.03329583,   21960,  122936,199812
19981118,96.02409548,96.10689866,96.02409548,96.10689866,   30889,  123300,199812
19981119,96.08849795,96.13449972,96.05169654,96.06089689,   37809,  125064,199812
19981120,96.07929760,96.09769831,96.03329583,96.08849795,   25913,   97831,199812
19981123,96.07929760,96.24490397,96.07009725,96.19890220,   46190,   87555,199812
19981124,96.19890220,96.23570362,96.16210079,96.22650326,   23251,  102192,199812
19981125,96.22650326,96.27250504,96.22650326,96.25410433,   24427,  101265,199812
19981126,96.27250504,96.35530822,96.27250504,96.30930645,   31054,   99273,199812
19981127,96.30930645,96.41971070,96.30930645,96.35530822,   27261,   97505,199812
19981130,96.38290928,96.38290928,96.26330468,96.30930645,   33645,   95583,199812
19981201,96.34610787,96.36450858,96.29090574,96.30930645,   27876,   96961,199812
19981202,96.32770716,96.40130999,96.28170539,96.38290928,   33520,   86924,199812
19981203,96.41051035,96.60371778,96.37370893,96.44731176,   75715,   80362,199812
19981204,96.41051035,96.48411318,96.34610787,96.36450858,   34796,   81134,199812
19981207,96.33690751,96.37370893,96.28170539,96.31850681,   25162,   69163,199812
19981208,96.30930645,96.34610787,96.27250504,96.31850681,    9664,   69163,199812
19981209,96.30930645,96.34610787,96.27250504,96.31850681,    9664,   69163,199812
19981210,96.28181055,96.32768087,96.28181055,96.31850681,   14845,   65308,199903
19981211,96.32768087,96.36437713,96.30015868,96.31850681,   26705,   67587,199903
19981214,96.31850681,96.33685494,96.24511429,96.29098461,   19980,   71314,199903
19981215,96.30933274,96.30933274,96.25428835,96.27263648,   18557,   70488,199903
19981216,96.25428835,96.30015868,96.23594022,96.29098461,   28075,   73898,199903
19981217,96.30015868,96.30933274,96.27263648,96.29098461,   15013,   80204,199903
19981218,96.27263648,96.33685494,96.27263648,96.31850681,   13756,   80230,199903
19981221,96.31850681,96.31850681,96.27263648,96.28181055,   13756,   80230,199903
19981222,96.26346242,96.26346242,96.19006990,96.23594022,   22021,   77194,199903
19981223,96.19924396,96.30015868,96.19924396,96.27263648,   10248,   75801,199903
19981228,96.33685494,96.33685494,96.19924396,96.21759209,    3521,   75254,199903
19981229,96.24511429,96.24511429,96.20841803,96.22676616,    2658,   73709,199903
19981230,96.28181055,96.28181055,96.23594022,96.26346242,    3706,   72486,199903
19990104,96.28181055,96.39189932,96.28181055,96.34602900,   20448,   72431,199903
19990105,96.37355119,96.41024745,96.35520307,96.38272526,   29247,   76549,199903
19990106,96.38272526,96.42859558,96.38272526,96.39189932,   18845,   78611,199903
19990107,96.44694371,96.48363997,96.41024745,96.44694371,   39128,   77492,199903
19990108,96.43776965,96.52951030,96.43776965,96.49281404,   51832,   91197,199903
19990111,96.46529184,96.55703249,96.43776965,96.44694371,   36392,   97960,199903
19990112,96.45611778,96.57538062,96.44694371,96.55703249,   40446,  101540,199903
19990113,96.56620656,96.66712127,96.52951030,96.61207688,   69860,  106434,199903
19990114,96.59372875,96.67629533,96.58455469,96.66712127,   33021,  118570,199903
19990115,96.68546940,96.80473224,96.68546940,96.73133972,   48458,  113768,199903
19990118,96.73133972,96.78638411,96.72216566,96.76803598,   19465,  125390,199903
19990119,96.75886192,96.77721005,96.72216566,96.74968785,   39494,  123329,199903
19990120,96.74051379,96.74051379,96.66712127,96.68546940,   48825,  119305,199903
19990121,96.73133972,96.75886192,96.69464346,96.74968785,   30159,  121610,199903
19990122,96.76803598,96.78638411,96.72216566,96.77721005,   32962,  127866,199903
19990125,96.80473224,96.81390631,96.74051379,96.75886192,   22148,  129726,199903
19990126,96.75886192,96.80473224,96.72216566,96.74968785,   24398,  128138,199903
19990127,96.72216566,96.73133972,96.66712127,96.72216566,   45674,  130737,199903
19990128,96.72216566,96.74968785,96.69464346,96.70381753,   17454,  139995,199903
19990129,96.70381753,96.72216566,96.66712127,96.69464346,   20257,  137161,199903
19990201,96.71299159,96.71299159,96.52033623,96.54785843,   39545,  125825,199903
19990202,96.50198810,96.59372875,96.50198810,96.55703249,   62993,  123221,199903
19990203,96.55703249,96.56620656,96.47446591,96.52951030,   44076,  120987,199903
19990204,96.51116217,96.53868436,96.45611778,96.46529184,   68637,  118845,199903
19990205,96.47446591,96.50198810,96.42859558,96.50198810,   39405,  125816,199903
19990208,96.49281404,96.51116217,96.39189932,96.41942152,   49613,  119656,199903
19990209,96.41942152,96.51116217,96.41942152,96.49281404,   38409,  120997,199903
19990210,96.51116217,96.52951030,96.49281404,96.49281404,   34175,  126657,199903
19990211,96.49281404,96.53868436,96.45611778,96.51116217,   30988,  119232,199903
19990212,96.51116217,96.55703249,96.44694371,96.44694371,   54723,  120648,199903
19990215,96.41942152,96.46529184,96.37355119,96.38272526,   27402,  115419,199903
19990216,96.41942152,96.46529184,96.37355119,96.38272526,   29585,  119004,199903
19990217,96.41942152,96.44694371,96.36437713,96.43776965,   40307,  118576,199903
19990218,96.44694371,96.46529184,96.41024745,96.41024745,   52089,  116097,199903
19990219,96.40107339,96.50198810,96.39189932,96.48363997,   28484,  113790,199903
19990222,96.49281404,96.52033623,96.46529184,96.51116217,   27438,  118006,199903
19990223,96.49281404,96.53868436,96.48363997,96.52033623,   40049,  118838,199903
19990224,96.52033623,96.52033623,96.42859558,96.42859558,   44779,  121659,199903
19990225,96.39189932,96.42859558,96.20841803,96.23594022,   74741,  122873,199903
19990226,96.24511429,96.30015868,96.16254770,96.19924396,   57667,  107300,199903
19990301,96.21759209,96.26346242,96.05245893,96.07998112,   71789,   99926,199903
19990302,96.06163299,96.13502551,96.04328486,96.09832925,   75495,   86925,199903
19990303,96.10750331,96.16254770,96.04328486,96.04328486,   60306,   86808,199903
19990304,96.04328486,96.15337364,96.01576267,96.12585144,   63454,   80841,199903
19990305,96.14419957,96.39189932,96.12585144,96.36437713,   45363,   65571,199903
19990308,96.17179600,96.23591053,96.12599991,96.21759209,   39288,   84330,199906
19990309,96.24506975,96.28170662,96.14431834,96.23591053,   53112,   88495,199906
19990310,96.25422897,96.27254740,96.22675131,96.25422897,   58184,   87336,199906
19990311,96.23591053,96.49236865,96.22675131,96.40993568,   63343,   89052,199906
19990312,96.44657256,96.48320943,96.30918428,96.32750272,   76988,   94808,199906
19990315,96.37329881,96.39161725,96.32750272,96.34582115,   29035,   92128,199906
19990316,96.35498037,96.38245803,96.30918428,96.37329881,   39268,   96913,199906
19990317,96.37329881,96.44657256,96.33666194,96.40077647,   94202,  107169,199906
19990318,96.40077647,96.46489100,96.37329881,96.40077647,   71979,  117424,199906
19990319,96.40077647,96.42825412,96.35498037,96.36413959,   33711,  111797,199906
19990322,96.38245803,96.38245803,96.32750272,96.36413959,   23380,  111835,199906
19990323,96.34582115,96.34582115,96.28170662,96.31834350,   40020,  108622,199906
19990324,96.37329881,96.40993568,96.31834350,96.39161725,   71253,  112488,199906
19990325,96.40993568,96.45573178,96.40993568,96.42825412,   41646,  109212,199906
19990326,96.40077647,96.41909490,96.34582115,96.40077647,   43290,  112564,199906
19990329,96.35498037,96.46489100,96.35498037,96.41909490,   39782,  112104,199906
19990330,96.40993568,96.50152787,96.40077647,96.50152787,   46972,  108085,199906
19990331,96.51984631,96.53816475,96.46489100,96.51984631,   42914,  109903,199906
19990401,96.53816475,96.55648318,96.51068709,96.53816475,   43008,  113193,199906
19990406,96.59312006,96.62975693,96.56564240,96.62059771,   41174,  109604,199906
19990407,96.62975693,96.62975693,96.52900553,96.53816475,   44347,  111927,199906
19990408,96.56564240,96.83125974,96.49236865,96.78546365,   85949,  119131,199906
19990409,96.78546365,96.79462287,96.67555303,96.69387146,   75730,  130065,199906
19990412,96.72134912,96.74882678,96.69387146,96.70303068,   30342,  126861,199906
19990413,96.69387146,96.71218990,96.66639381,96.68471224,   41163,  126279,199906
19990414,96.70303068,96.72134912,96.66639381,96.67555303,   31939,  125314,199906
19990415,96.68471224,96.70303068,96.60227928,96.62059771,   38331,  120035,199906
19990416,96.62059771,96.67555303,96.61143850,96.67555303,   40938,  116849,199906
19990419,96.63891615,96.73050834,96.62059771,96.72134912,   46388,  122772,199906
19990420,96.73966756,96.77630443,96.72134912,96.76714521,   48039,  136606,199906
19990421,96.76714521,96.80378209,96.74882678,96.76714521,   48169,  133700,199906
19990422,96.75798599,96.78546365,96.74882678,96.75798599,   32331,  131630,199906
19990423,96.74882678,96.83125974,96.73966756,96.79462287,   43156,  140198,199906
19990426,96.79462287,96.79462287,96.75798599,96.77630443,   24695,  149191,199906
19990427,96.82210052,96.82210052,96.77630443,96.80378209,   24107,  150971,199906
19990428,96.80378209,96.80378209,96.71218990,96.72134912,   43064,  151912,199906
19990429,96.73050834,96.82210052,96.73050834,96.80378209,   37324,  148343,199906
19990430,96.79462287,96.82210052,96.71218990,96.73050834,   45855,  151373,199906
19990503,96.73050834,96.75798599,96.69387146,96.74882678,   27137,  149492,199906
19990504,96.74882678,96.75798599,96.68471224,96.70303068,   51893,  151830,199906
19990505,96.69387146,96.73050834,96.67555303,96.72134912,   54083,  155162,199906
19990506,96.73966756,96.75798599,96.68471224,96.70303068,   67299,  156031,199906
19990507,96.69387146,96.78546365,96.69387146,96.74882678,   52879,  161647,199906
19990510,96.74882678,96.76714521,96.72134912,96.75798599,   44763,  157385,199906
19990511,96.75798599,96.79462287,96.74882678,96.78546365,   42287,  167948,199906
19990512,96.76714521,96.82210052,96.75798599,96.81294131,   78533,  185341,199906
19990514,96.84041896,96.93201115,96.63891615,96.68471224,  121735,  174689,199906
19990517,96.68471224,96.73050834,96.68471224,96.71218990,   44960,  164484,199906
19990518,96.73050834,96.73966756,96.71218990,96.72134912,   39049,  156515,199906
19990519,96.71218990,96.71218990,96.62975693,96.64807537,   70179,  159844,199906
19990520,96.67555303,96.70303068,96.62975693,96.66639381,   47982,  153252,199906
19990521,96.65723459,96.79462287,96.64807537,96.78546365,   54282,  153223,199906
19990525,96.79462287,96.79462287,96.74882678,96.79462287,   53230,  156117,199906
19990526,96.80378209,96.81294131,96.74882678,96.75798599,   45370,  150288,199906
19990527,96.74882678,96.75798599,96.66639381,96.66639381,   60425,  141962,199906
19990528,96.70303068,96.70303068,96.62975693,96.66639381,   62337,  138353,199906
19990531,96.67555303,96.68471224,96.60227928,96.61143850,   20901,  134519,199906
19990601,96.62059771,96.62059771,96.41909490,96.41909490,   99323,  136520,199906
19990602,96.43741334,96.49236865,96.32750272,96.43741334,  120410,  130300,199906
19990604,96.44657256,96.46489100,96.35498037,96.40993568,   93369,   98251,199906
19990607,96.40077647,96.46489100,96.33666194,96.45573178,   61691,   98251,199906
19990608,96.39155978,96.48324775,96.39155978,96.44657256,   58845,   84767,199909
19990609,96.40989737,96.44657256,96.38239098,96.40072858,   46653,   83483,199909
19990610,96.37322219,96.39155978,96.11649588,96.13483347,  104544,  104615,199909
19990611,96.10732708,96.23569023,96.03397671,96.11649588,   99387,  110293,199909
19990614,96.07065189,96.23569023,96.07065189,96.22652144,   48328,  106221,199909
19990615,96.20818384,96.25402783,96.18067745,96.22652144,   50788,  102176,199909
19990616,96.20818384,96.31820941,96.18067745,96.22652144,   93657,  105077,199909
19990617,96.21735264,96.30904061,96.15317106,96.30904061,   63134,  112504,199909
19990618,96.30904061,96.31820941,96.25402783,96.28153422,   37163,  112395,199909
19990621,96.30904061,96.30904061,96.06148310,96.10732708,   76160,  112452,199909
19990622,96.09815828,96.13483347,96.01563911,96.06148310,  105165,  116376,199909
19990623,96.00647032,96.10732708,95.90561355,95.95145754,  118071,  123537,199909
19990624,95.95145754,96.02480791,95.77725040,95.85060077,  143386,  134211,199909
19990625,95.86893837,95.88727596,95.76808160,95.85976957,  108853,  148819,199909
19990628,95.85060077,95.88727596,95.74057521,95.86893837,  106249,  146973,199909
19990629,95.87810716,95.92395115,95.83226318,95.91478235,   78200,  147691,199909
19990630,95.89644476,95.95145754,95.85976957,95.93311994,   56821,  145731,199909
19990701,96.03397671,96.13483347,95.85976957,95.92395115,  130211,  160989,199909
19990702,95.95145754,95.97896393,95.85060077,95.95145754,   93842,  159064,199909
19990705,95.95145754,96.00647032,95.93311994,95.96979513,   28644,  155354,199909
19990706,95.96062633,95.96062633,95.82309438,95.91478235,   75447,  149382,199909
19990707,95.91478235,95.93311994,95.79558799,95.83226318,   84945,  160513,199909
19990708,95.80475679,95.84143198,95.64888725,95.83226318,  129131,  171358,199909
19990709,95.83226318,95.87810716,95.63054965,95.74974401,   92850,  168305,199909
19990712,95.74057521,95.87810716,95.66722484,95.86893837,   74401,  164838,199909
19990713,95.89644476,95.96979513,95.78641920,95.91478235,   93638,  176451,199909
19990714,95.89644476,95.97896393,95.85976957,95.95145754,   79133,  170584,199909
19990715,95.94228874,96.03397671,95.58470567,95.60304326,  195516,  181398,199909
19990716,95.59387447,95.72223762,95.51135529,95.63971845,  119499,  191888,199909
19990719,95.61221206,95.64888725,95.45634251,95.63971845,   95075,  194358,199909
19990720,95.63054965,95.76808160,95.56636808,95.75891281,  150654,  176442,199909
19990721,95.80475679,95.90561355,95.72223762,95.89644476,  133243,  169280,199909
19990722,95.91478235,95.95145754,95.65805604,95.75891281,  106214,  166955,199909
19990723,95.73140642,95.78641920,95.64888725,95.75891281,   75814,  172413,199909
19990726,95.76808160,95.85060077,95.72223762,95.83226318,   75180,  179285,199909
19990727,95.86893837,95.86893837,95.76808160,95.79558799,   62103,  175005,199909
19990728,95.79558799,95.81392559,95.74057521,95.79558799,   57013,  174864,199909
19990729,95.77725040,95.79558799,95.63054965,95.69473123,   97291,  163109,199909
19990730,95.69473123,95.72223762,95.52052409,95.55719928,   83988,  168846,199909
19990802,95.51135529,95.52969289,95.31881056,95.41966733,  109138,  167536,199909
19990803,95.38299214,95.42883612,95.28213538,95.41049853,   95345,  170338,199909
19990804,95.40132973,95.52052409,95.37382334,95.44717372,  118833,  174600,199909
19990805,95.47468011,95.50218650,95.30047297,95.40132973,  120185,  177622,199909
19990806,95.41966733,95.46551131,95.19961621,95.29130417,   93785,  178576,199909
19990809,95.26379778,95.32797936,95.22712260,95.30964177,   71239,  175785,199909
19990810,95.26379778,95.40132973,95.22712260,95.35548575,   97454,  181890,199909
19990811,95.36465455,95.49301770,95.36465455,95.42883612,   87720,  179118,199909
19990812,95.46551131,95.57553687,95.46551131,95.54803048,  115418,  161241,199909
19990813,95.52969289,95.59387447,95.45634251,95.58470567,   84535,  157076,199909
19990816,95.56636808,95.58470567,95.50218650,95.53886169,   46106,  156114,199909
19990817,95.52969289,95.65805604,95.48384890,95.59387447,   87757,  154047,199909
19990818,95.61221206,95.74057521,95.59387447,95.73140642,   80342,  160585,199909
19990819,95.74974401,95.78641920,95.64888725,95.77725040,   76406,  157869,199909
19990820,95.77725040,95.89644476,95.63054965,95.88727596,   70362,  147590,199909
19990823,95.92395115,95.93311994,95.76808160,95.77725040,   68632,  142135,199909
19990824,95.77725040,95.77725040,95.67639364,95.70390003,   67613,  143932,199909
19990825,95.75891281,95.86893837,95.72223762,95.85060077,  105003,  141401,199909
19990826,95.89644476,95.89644476,95.65805604,95.69473123,   95947,  131143,199909
19990827,95.68556243,95.70390003,95.60304326,95.63971845,   90060,  133064,199909
19990830,95.59387447,95.63054965,95.54803048,95.56636808,   53349,  133902,199909
19990831,95.54803048,95.65805604,95.52969289,95.55719928,  102314,  139650,199909
19990901,95.58470567,95.63054965,95.53886169,95.61221206,   90942,  127227,199909
19990902,95.59387447,95.60304326,95.49301770,95.51135529,  130601,  130419,199909
19990903,95.48384890,95.79558799,95.48384890,95.78641920,  119286,  131439,199909
19990906,95.78641920,95.88727596,95.77725040,95.78641920,   62933,  100548,199909
19990907,95.81392559,95.81392559,95.57553687,95.61221206,   73656,  100548,199909
19990908,95.46481813,95.62152940,95.46481813,95.59387447,  146020,  167984,199912
19990909,95.56621954,95.59387447,95.40028996,95.42794489,  121550,  157804,199912
19990910,95.46481813,95.53856461,95.41872658,95.49247306,   64332,  167738,199912
19990913,95.47403644,95.47403644,95.36341672,95.40950827,   58613,  169191,199912
19990914,95.40950827,95.47403644,95.37263503,95.39107165,   79948,  176168,199912
19990915,95.40028996,95.43716320,95.32654348,95.37263503,  130345,  189845,199912
19990916,95.35419841,95.58465616,95.35419841,95.57543785,  137931,  194662,199912
19990917,95.59387447,95.65840264,95.55700123,95.61231109,   93751,  181356,199912
19990920,95.63074771,95.69527588,95.53856461,95.55700123,   94722,  170191,199912
19990921,95.58465616,95.58465616,95.41872658,95.48325475,  117718,  170490,199912
19990922,95.52934630,95.56621954,95.50169137,95.54778292,   83572,  178731,199912
19990923,95.55700123,95.64918433,95.46481813,95.63996602,  102462,  192805,199912
19990924,95.74136742,95.78745897,95.69527588,95.76902235,   72022,  165344,199912
19990927,95.78745897,95.78745897,95.48325475,95.52012799,   91137,  169946,199912
19990928,95.50169137,95.59387447,95.45559982,95.55700123,  136343,  184828,199912
19990929,95.52012799,95.56621954,95.43716320,95.45559982,   77883,  171423,199912
19990930,95.47403644,95.54778292,95.40950827,95.48325475,  125145,  204048,199912
19991001,95.49247306,95.49247306,95.15139559,95.16061390,  157067,  234400,199912
19991004,95.13295897,95.19748714,95.04999418,95.11452235,  133816,  227184,199912
19991005,95.09608573,95.20670545,95.08686742,95.16983221,   97189,  226221,199912
19991006,95.07764911,95.19748714,95.04077587,95.18826883,  122873,  232751,199912
19991007,95.17905052,95.28045193,95.08686742,95.17905052,  183157,  259527,199912
19991008,95.17905052,95.25279700,95.06843080,95.08686742,  129880,  247903,199912
19991011,95.07764911,95.11452235,95.04999418,95.07764911,   47338,  249282,199912
19991012,95.08686742,95.08686742,94.90250122,94.92093784,  153001,  246559,199912
19991013,94.93937446,95.02233925,94.87484629,94.89328291,  102468,  251612,199912
19991014,94.88406460,94.91171953,94.69969840,94.71813502,  166272,  258000,199912
19991015,94.73657164,94.94859277,94.67204347,94.87484629,  147363,  258068,199912
19991018,94.90250122,94.97624770,94.87484629,94.94859277,   77022,  255182,199912
19991019,94.89328291,94.91171953,94.78266319,94.78266319,   86995,  255956,199912
19991020,94.76422657,94.86562798,94.71813502,94.78266319,  136002,  264894,199912
19991021,94.80109981,94.93937446,94.77344488,94.87484629,  138279,  276555,199912
19991022,94.85640967,94.97624770,94.82875474,94.88406460,  109070,  286298,199912
19991025,94.90250122,94.92093784,94.78266319,94.80109981,   94032,  272229,199912
19991026,94.83797305,94.84719136,94.76422657,94.80109981,  103615,  270102,199912
19991027,94.80109981,94.96702939,94.72735333,94.95781108,  139441,  267416,199912
19991028,94.96702939,95.10530404,94.95781108,95.10530404,  115893,  263049,199912
19991029,95.13295897,95.21592376,95.07764911,95.20670545,  117824,  262428,199912
19991101,95.16061390,95.16061390,95.05921249,95.14217728,   57784,  251063,199912
19991102,95.15139559,95.22514207,95.06843080,95.21592376,  116801,  245277,199912
19991103,95.19748714,95.22514207,95.10530404,95.18826883,  107839,  243006,199912
19991104,95.17905052,95.36341672,95.16061390,95.27123362,  178207,  254861,199912
19991105,95.26201531,95.41872658,95.25279700,95.40028996,  102920,  254369,199912
19991108,95.37263503,95.51090968,95.36341672,95.50169137,   76606,  227502,199912
19991109,95.48325475,95.58465616,95.45559982,95.47403644,  109942,  224049,199912
19991110,95.47403644,95.49247306,95.38185334,95.40028996,  124359,  221893,199912
19991111,95.41872658,95.49247306,95.39107165,95.45559982,   55579,  217949,199912
19991112,95.47403644,95.63996602,95.47403644,95.62152940,  123136,  212886,199912
19991115,95.63996602,95.68605757,95.51090968,95.52934630,   75702,  202431,199912
19991116,95.53856461,95.62152940,95.53856461,95.61231109,   69055,  200437,199912
19991117,95.54778292,95.54778292,95.39107165,95.40950827,  135387,  197859,199912
19991118,95.36341672,95.40950827,95.27123362,95.28045193,  136693,  205166,199912
19991119,95.30810686,95.38185334,95.24357869,95.28045193,  101457,  202419,199912
19991122,95.29888855,95.30810686,95.19748714,95.26201531,   76470,  198929,199912
19991123,95.26201531,95.32654348,95.20670545,95.26201531,   78006,  190853,199912
19991124,95.25279700,95.28045193,95.16983221,95.19748714,  108783,  189123,199912
19991125,95.17905052,95.21592376,95.16983221,95.19748714,   36523,  185362,199912
19991126,95.18826883,95.18826883,95.07764911,95.16061390,   83563,  181609,199912
19991129,95.13295897,95.19748714,95.08686742,95.12374066,   77544,  176104,199912
19991130,95.12374066,95.29888855,95.09608573,95.28967024,  112386,  165608,199912
19991201,95.26201531,95.30810686,95.19748714,95.24357869,   93025,  161240,199912
19991202,95.27123362,95.27123362,95.11452235,95.11452235,  111943,  141915,199912
19991203,95.08686742,95.22514207,95.04077587,95.21592376,   99712,  123822,199912
19991206,95.23436038,95.33576179,95.18826883,95.32654348,  116865,   82624,199912
19991207,95.33576179,95.36341672,95.28967024,95.29888855,   73465,   82624,199912
19991208,95.35461754,95.36387078,95.23432545,95.24357869,   62557,  166816,200003
19991209,95.26208516,95.34536430,95.23432545,95.32685783,   53083,  167179,200003
19991210,95.34536430,95.42864345,95.29909811,95.42864345,   61615,  162576,200003
19991213,95.44714992,95.44714992,95.34536430,95.35461754,   40104,  161705,200003
19991214,95.31760459,95.36387078,95.24357869,95.25283192,   80227,  166353,200003
19991215,95.25283192,95.32685783,95.23432545,95.32685783,   77900,  165078,200003
19991216,95.30835135,95.31760459,94.98448802,94.99374126,  112829,  168936,200003
19991217,95.01224774,95.08627364,94.95672831,95.01224774,   87409,  178345,200003
19991220,95.03075421,95.07702040,94.96598155,95.04000745,   30372,  176836,200003
19991221,95.00299450,95.13253983,94.99374126,95.13253983,   28209,  174900,200003
19991222,95.06776716,95.08627364,94.98448802,95.05851393,   27232,  172004,200003
19991223,95.05851393,95.10478012,95.05851393,95.07702040,    5593,  171705,200003
19991227,95.05851393,95.15104631,95.04926069,95.15104631,    5110,  171700,200003
19991228,95.16955278,95.16955278,95.04000745,95.05851393,    8980,  172506,200003
19991229,95.04926069,95.10478012,95.04000745,95.07702040,   10939,  172951,200003
19991230,95.07702040,95.07702040,94.99374126,95.07702040,   12548,  178541,200003
20000103,94.94747507,94.94747507,94.76241031,94.81792974,   71828,  185185,200003
20000104,94.76241031,94.88270240,94.66062469,94.83643621,  155647,  198415,200003
20000105,94.86419593,94.92896859,94.76241031,94.83643621,  159782,  201399,200003
20000106,94.85494269,94.89195564,94.79942326,94.84568945,   99644,  200712,200003
20000107,94.89195564,95.05851393,94.84568945,95.04000745,  118700,  210852,200003
20000110,95.05851393,95.10478012,95.00299450,95.05851393,  101468,  206693,200003
20000111,95.06776716,95.06776716,94.87344917,94.90120888,  150157,  211514,200003
20000112,94.90120888,94.95672831,94.80867650,94.91046212,  148268,  233295,200003
20000113,94.89195564,94.99374126,94.86419593,94.96598155,  111832,  223795,200003
20000114,94.98448802,95.07702040,94.92896859,94.93822183,  134146,  222072,200003
20000117,94.92896859,94.98448802,94.89195564,94.94747507,   70447,  215409,200003
20000118,94.93822183,94.95672831,94.84568945,94.89195564,  134152,  229219,200003
20000119,94.89195564,94.98448802,94.85494269,94.95672831,  133588,  234578,200003
20000120,94.94747507,95.01224774,94.86419593,95.01224774,  161429,  241237,200003
20000121,94.96598155,95.02150097,94.89195564,94.93822183,  131972,  259083,200003
20000124,94.93822183,94.94747507,94.85494269,94.93822183,  118564,  257991,200003
20000125,94.97523478,95.01224774,94.91971536,94.98448802,  131236,  267686,200003
20000126,94.95672831,94.97523478,94.89195564,94.91046212,  138376,  277823,200003
20000127,94.91971536,94.92896859,94.73465060,94.79017002,  241738,  306842,200003
20000128,94.79942326,94.85494269,94.69763764,94.83643621,  196301,  299589,200003
20000131,94.75315707,94.85494269,94.75315707,94.82718298,  138206,  301588,200003
20000201,94.81792974,94.96598155,94.77166355,94.93822183,  168631,  294451,200003
20000202,94.95672831,95.01224774,94.89195564,94.92896859,  126437,  294034,200003
20000203,94.94747507,95.05851393,94.75315707,94.98448802,  232753,  319010,200003
20000204,94.96598155,95.02150097,94.83643621,94.86419593,  173332,  319105,200003
20000207,94.82718298,94.85494269,94.79942326,94.82718298,   87686,  311296,200003
20000208,94.81792974,94.89195564,94.80867650,94.87344917,  108831,  299975,200003
20000209,94.89195564,94.89195564,94.79942326,94.80867650,  134097,  304536,200003
20000210,94.77166355,94.87344917,94.76241031,94.80867650,  130953,  316506,200003
20000211,94.77166355,94.82718298,94.75315707,94.79017002,  123591,  321559,200003
20000214,94.78091679,94.89195564,94.77166355,94.87344917,   98121,  318639,200003
20000215,94.89195564,94.89195564,94.80867650,94.84568945,  116620,  319108,200003
20000216,94.85494269,94.85494269,94.79017002,94.82718298,  110746,  321958,200003
20000217,94.81792974,94.87344917,94.73465060,94.76241031,  189094,  324544,200003
20000218,94.73465060,94.76241031,94.67913117,94.73465060,  194199,  329719,200003
20000221,94.76241031,94.77166355,94.70689088,94.73465060,   93238,  318477,200003
20000222,94.75315707,94.91046212,94.75315707,94.88270240,  256343,  327372,200003
20000223,94.87344917,94.90120888,94.83643621,94.87344917,  142565,  311740,200003
20000224,94.88270240,95.03075421,94.86419593,94.87344917,  203161,  315433,200003
20000225,95.01224774,95.11403335,94.87344917,94.91046212,  215860,  310414,200003
20000228,94.90120888,94.96598155,94.82718298,94.92896859,  141448,  302366,200003
20000229,94.91971536,94.95672831,94.86419593,94.91046212,  130596,  289488,200003
20000301,94.94747507,94.95672831,94.90120888,94.92896859,  114281,  286382,200003
20000302,94.91971536,94.93822183,94.86419593,94.90120888,  177689,  275624,200003
20000303,94.91046212,94.99374126,94.88270240,94.90120888,  130127,  244849,200003
20000306,94.89195564,94.94747507,94.86419593,94.91971536,  110711,  186952,200003
20000307,94.91046212,94.97523478,94.89195564,94.89195564,  129615,  186952,200003
20000308,94.85500974,94.87358327,94.81786269,94.83643621,  134910,  274020,200006
20000309,94.83643621,95.01288473,94.83643621,95.00359797,  151125,  290674,200006
20000310,94.98502444,95.00359797,94.85500974,94.86429651,  140264,  287925,200006
20000313,94.88287004,95.00359797,94.85500974,94.92930386,  133647,  283728,200006
20000314,94.92001709,94.94787739,94.86429651,94.88287004,  137149,  293894,200006
20000315,94.92930386,94.92930386,94.88287004,94.91073033,  168244,  303463,200006
20000316,94.89215680,95.14289943,94.86429651,95.05931856,  261339,  299067,200006
20000317,95.04074503,95.13361267,95.04074503,95.12432591,  155875,  300340,200006
20000320,95.10575238,95.12432591,95.05003179,95.10575238,   82069,  294222,200006
20000321,95.08717885,95.18004649,95.08717885,95.14289943,  114101,  292236,200006
20000322,95.14289943,95.14289943,95.06860532,95.11503914,  102037,  296843,200006
20000323,95.11503914,95.18933325,95.10575238,95.17075973,  143728,  293700,200006
20000324,95.13361267,95.13361267,95.04074503,95.07789208,  108906,  284928,200006
20000327,95.06860532,95.06860532,94.97573768,94.99431121,  101027,  274793,200006
20000328,95.01288473,95.08717885,95.01288473,95.06860532,  123170,  277672,200006
20000329,95.05931856,95.08717885,95.00359797,95.03145826,   97822,  274949,200006
20000330,95.05003179,95.17075973,95.02217150,95.14289943,  114176,  278160,200006
20000331,95.17075973,95.20790678,95.13361267,95.18933325,   94553,  276327,200006
20000403,95.18004649,95.23576708,95.10575238,95.21719355,  123057,  280288,200006
20000404,95.22648031,95.40292883,95.18004649,95.39364207,  111603,  278896,200006
20000405,95.31006119,95.49579647,95.26362737,95.34720825,  296387,  276293,200006
20000406,95.33792148,95.34720825,95.25434060,95.26362737,  121950,  270829,200006
20000407,95.23576708,95.31006119,95.20790678,95.27291413,   99575,  269349,200006
20000410,95.31006119,95.31006119,95.22648031,95.24505384,   90869,  262841,200006
20000411,95.28220090,95.35649501,95.19862002,95.20790678,  165602,  267483,200006
20000412,95.21719355,95.23576708,95.15218620,95.17075973,  124244,  274144,200006
20000413,95.20790678,95.22648031,95.15218620,95.17075973,  126686,  274831,200006
20000414,95.19862002,95.21719355,95.09646561,95.18004649,  154727,  277572,200006
20000417,95.26362737,95.34720825,95.20790678,95.27291413,  165437,  275666,200006
20000418,95.21719355,95.22648031,95.17075973,95.20790678,   94462,  272439,200006
20000419,95.21719355,95.21719355,95.12432591,95.14289943,   86322,  280626,200006
20000420,95.16147296,95.16147296,95.02217150,95.04074503,   72523,  281749,200006
20000425,95.03145826,95.05003179,94.94787739,94.94787739,  118401,  273745,200006
20000426,94.93859062,95.05931856,94.90144356,95.02217150,  155716,  277792,200006
20000427,95.01288473,95.07789208,94.91073033,94.92930386,  200969,  288646,200006
20000428,94.94787739,94.95716415,94.89215680,94.92930386,  121741,  279171,200006
20000502,94.92930386,94.92930386,94.75285534,94.76214210,  121355,  280586,200006
20000503,94.73428181,94.77142886,94.65070093,94.66927446,  185836,  276933,200006
20000504,94.64141417,94.65070093,94.52068623,94.54854652,  215269,  279283,200006
20000505,94.52997300,94.64141417,94.52068623,94.55783329,  191281,  276651,200006
20000508,94.56712005,94.63212740,94.53925976,94.60426711,  116123,  269718,200006
20000509,94.58569358,94.70642152,94.58569358,94.68784799,  128104,  259478,200006
20000510,94.69713475,94.74356857,94.65998769,94.70642152,  140880,  255773,200006
20000511,94.74356857,94.76214210,94.48353917,94.50211270,  266060,  277269,200006
20000512,94.52068623,94.52997300,94.39995830,94.44639212,  202175,  286459,200006
20000515,94.46496565,94.60426711,94.45567888,94.55783329,  134223,  265593,200006
20000516,94.56712005,94.57640682,94.48353917,94.53925976,  171101,  269497,200006
20000517,94.52997300,94.52997300,94.26994360,94.30709065,  322987,  269436,200006
20000518,94.31637742,94.34423771,94.26065683,94.28851713,  199867,  272248,200006
20000519,94.30709065,94.34423771,94.16778919,94.28851713,  260909,  293700,200006
20000522,94.30709065,94.42781859,94.29780389,94.39067153,  178637,  283787,200006
20000523,94.36281124,94.46496565,94.33495095,94.44639212,  214483,  283903,200006
20000524,94.46496565,94.60426711,94.46496565,94.60426711,  218797,  263680,200006
20000525,94.55783329,94.65998769,94.49282594,94.65070093,  193653,  257566,200006
20000526,94.71570828,94.75285534,94.56712005,94.70642152,  211565,  249571,200006
20000529,94.75285534,94.79000239,94.61355387,94.63212740,   35668,  237217,200006
20000530,94.65998769,94.71570828,94.50211270,94.54854652,  224211,  246092,200006
20000531,94.53925976,94.54854652,94.44639212,94.53925976,  218993,  222689,200006
20000601,94.52068623,94.61355387,94.46496565,94.60426711,  173442,  236384,200006
20000602,94.58569358,94.87358327,94.56712005,94.79928916,  273660,  198769,200006
20000605,94.79000239,94.87358327,94.74356857,94.80857592,  191077,  163657,200006
20000606,94.83643621,94.86429651,94.77142886,94.81786269,  210714,  117407,200006
20000607,94.83643621,94.88287004,94.77142886,94.79000239,  131762,  117407,200006
20000608,95.11692193,95.11692193,94.65967390,94.72499504,  417476,  237886,200009
20000609,94.76232141,94.76232141,94.59435275,94.73432664,  221539,  245233,200009
20000612,94.71566345,94.79031619,94.70633186,94.74365823,   47056,  235314,200009
20000613,94.74365823,95.18224307,94.71566345,94.86496893,  332325,  271200,200009
20000614,94.88363212,94.93962167,94.82764256,94.90229530,  229262,  241614,200009
20000615,94.88363212,95.03293759,94.88363212,95.01427441,  230616,  255302,200009
20000616,95.02360600,95.08892715,94.95828486,95.07026396,  135468,  261538,200009
20000619,95.10759033,95.11692193,94.98627963,95.00494282,   98503,  275689,200009
20000620,95.00494282,95.00494282,94.91162689,94.92095849,  173926,  276635,200009
20000621,94.89296371,94.90229530,94.74365823,94.77165301,  195576,  272042,200009
20000622,94.76232141,94.77165301,94.65967390,94.69700027,  139267,  262753,200009
20000623,94.69700027,94.75298982,94.65034230,94.67833708,  124385,  272821,200009
20000626,94.66900549,94.73432664,94.60368434,94.72499504,  106845,  273008,200009
20000627,94.73432664,94.75298982,94.66900549,94.74365823,   89601,  278994,200009
20000628,94.73432664,94.75298982,94.65034230,94.65034230,   96537,  274710,200009
20000629,94.67833708,94.80897938,94.63167912,94.79031619,  168763,  284865,200009
20000630,94.79031619,94.85563734,94.72499504,94.76232141,  102281,  286098,200009
20000703,94.74365823,94.76232141,94.68766867,94.71566345,   99789,  280449,200009
20000704,94.69700027,94.74365823,94.69700027,94.71566345,   52275,  279211,200009
20000705,94.71566345,94.84630575,94.68766867,94.80897938,  177934,  292210,200009
20000706,94.79964778,94.85563734,94.67833708,94.70633186,  213554,  279187,200009
20000707,94.68766867,94.79031619,94.65967390,94.73432664,  151993,  255267,200009
20000710,94.72499504,94.75298982,94.69700027,94.70633186,   52299,  252376,200009
20000711,94.71566345,94.74365823,94.66900549,94.70633186,  118076,  242420,200009
20000712,94.67833708,94.72499504,94.61301593,94.65034230,  105812,  241528,200009
20000713,94.64101071,94.65967390,94.54769479,94.61301593,  151770,  244992,200009
20000714,94.62234753,94.64101071,94.49170523,94.50103682,  164589,  235917,200009
20000717,94.51036842,94.53836319,94.46371045,94.50103682,   74740,  237292,200009
20000718,94.50103682,94.53836319,94.43571568,94.48237364,  163650,  235602,200009
20000719,94.44504727,94.51036842,94.38905772,94.47304205,  182697,  246470,200009
20000720,94.47304205,94.57568956,94.40772090,94.54769479,  200723,  244307,200009
20000721,94.58502116,94.60368434,94.50103682,94.51036842,  125579,  239569,200009
20000724,94.51970001,94.54769479,94.48237364,94.50103682,   61576,  234075,200009
20000725,94.50103682,94.59435275,94.49170523,94.53836319,  155326,  251750,200009
20000726,94.54769479,94.62234753,94.54769479,94.57568956,  191022,  247611,200009
20000727,94.57568956,94.60368434,94.51036842,94.55702638,  150762,  248535,200009
20000728,94.54769479,94.58502116,94.50103682,94.55702638,  186426,  243041,200009
20000731,94.54769479,94.58502116,94.53836319,94.57568956,   83835,  243347,200009
20000801,94.60368434,94.68766867,94.56635797,94.67833708,  153255,  240153,200009
20000802,94.65967390,94.66900549,94.61301593,94.65034230,  115637,  248583,200009
20000803,94.67833708,94.68766867,94.56635797,94.63167912,  173781,  250793,200009
20000804,94.65034230,94.70633186,94.61301593,94.69700027,  123838,  242026,200009
20000807,94.68766867,94.77165301,94.65967390,94.74365823,  102465,  248505,200009
20000808,94.73432664,94.75298982,94.68766867,94.70633186,  117620,  238197,200009
20000809,94.71566345,94.72499504,94.65034230,94.69700027,  136115,  237081,200009
20000810,94.71566345,94.76232141,94.70633186,94.73432664,  124721,  233366,200009
20000811,94.73432664,94.73432664,94.54769479,94.56635797,  207076,  238651,200009
20000814,94.54769479,94.57568956,94.51036842,94.56635797,   99844,  234424,200009
20000815,94.58502116,94.59435275,94.47304205,94.47304205,  133251,  232002,200009
20000816,94.47304205,94.51036842,94.42638409,94.44504727,  151355,  231091,200009
20000817,94.44504727,94.51036842,94.40772090,94.46371045,  136592,  239304,200009
20000818,94.46371045,94.51036842,94.42638409,94.45437886,   96439,  238183,200009
20000821,94.44504727,94.47304205,94.33306816,94.34239975,  152006,  242022,200009
20000822,94.34239975,94.44504727,94.31440498,94.43571568,  200756,  246288,200009
20000823,94.42638409,94.52903160,94.37972612,94.51036842,  232216,  267044,200009
20000824,94.50103682,94.52903160,94.47304205,94.48237364,  138485,  275736,200009
20000825,94.46371045,94.48237364,94.43571568,94.43571568,  102589,  267489,200009
20000828,94.42638409,94.47304205,94.41705249,94.42638409,   41998,  257164,200009
20000829,94.40772090,94.47304205,94.37972612,94.42638409,  155123,  269378,200009
20000830,94.42638409,94.48237364,94.40772090,94.47304205,  131048,  267289,200009
20000831,94.47304205,94.56635797,94.45437886,94.51036842,  212653,  264954,200009
20000901,94.51970001,94.72499504,94.51970001,94.72499504,  251738,  265918,200009
20000904,94.74365823,94.74365823,94.66900549,94.68766867,  118206,  236844,200009
20000905,94.66900549,94.68766867,94.59435275,94.64101071,  217899,  133708,200009
20000906,94.62234753,94.62234753,94.44504727,94.44504727,  217108,  133708,200009
20000907,94.29567908,94.46371414,94.29567908,94.45437886,  233338,  247188,200012
20000908,94.42637302,94.50105527,94.37969661,94.39836717,  167944,  259903,200012
20000911,94.42637302,94.49171999,94.38903189,94.45437886,  142862,  264608,200012
20000912,94.47304943,94.51972583,94.42637302,94.50105527,  154415,  261629,200012
20000913,94.51972583,94.58507280,94.51039055,94.58507280,  179348,  267419,200012
20000914,94.58507280,94.65975506,94.52906111,94.60374337,  298168,  296801,200012
20000915,94.59440809,94.70643146,94.58507280,94.67842562,  241495,  306840,200012
20000918,94.65975506,94.67842562,94.61307865,94.66909034,  154797,  315362,200012
20000919,94.65041978,94.78111372,94.64108449,94.72510203,  303110,  324285,200012
20000920,94.72510203,94.75310787,94.67842562,94.75310787,  221854,  332289,200012
20000921,94.72510203,94.78111372,94.69709618,94.74377259,  335614,  359156,200012
20000922,94.81845484,94.92114294,94.78111372,94.80911956,  365024,  389811,200012
20000925,94.79044900,94.79044900,94.64108449,94.65041978,  222361,  381578,200012
20000926,94.65975506,94.73443731,94.59440809,94.71576675,  179553,  411908,200012
20000927,94.73443731,94.76244315,94.67842562,94.69709618,  201545,  418483,200012
20000928,94.69709618,94.74377259,94.68776090,94.71576675,  108661,  411019,200012
20000929,94.70643146,94.77177844,94.67842562,94.76244315,  135437,  442565,200012
20001002,94.75310787,94.84646069,94.75310787,94.83712541,  151126,  451306,200012
20001003,94.83712541,94.88380181,94.81845484,94.82779013,   77498,  447678,200012
20001004,94.80911956,94.85579597,94.79044900,94.79044900,  150979,  441902,200012
20001005,94.78111372,94.79978428,94.66909034,94.69709618,  342308,  460971,200012
20001006,94.69709618,94.76244315,94.66909034,94.74377259,  250909,  459702,200012
20001009,94.77177844,94.81845484,94.75310787,94.79978428,   85596,  447326,200012
20001010,94.79978428,94.80911956,94.76244315,94.79978428,  108369,  443347,200012
20001011,94.83712541,94.89313710,94.80911956,94.85579597,  254652,  468315,200012
20001012,94.83712541,95.01449576,94.79044900,94.98648991,  350245,  458459,200012
20001013,95.02383104,95.03316632,94.88380181,94.89313710,  269282,  448889,200012
20001016,94.86513125,94.89313710,94.80911956,94.83712541,  175514,  435454,200012
20001017,94.83712541,94.86513125,94.79044900,94.84646069,  159421,  422218,200012
20001018,94.86513125,94.99582519,94.80911956,94.81845484,  228866,  412623,200012
20001019,94.79978428,94.82779013,94.74377259,94.77177844,  207934,  415984,200012
20001020,94.76244315,94.79978428,94.72510203,94.76244315,  124399,  380562,200012
20001023,94.75310787,94.78111372,94.68776090,94.69709618,  123511,  369709,200012
20001024,94.69709618,94.76244315,94.67842562,94.73443731,  156574,  378000,200012
20001025,94.73443731,94.78111372,94.67842562,94.69709618,  200012,  363428,200012
20001026,94.68776090,94.74377259,94.65975506,94.74377259,  151673,  343685,200012
20001027,94.72510203,94.79978428,94.71576675,94.75310787,  177296,  333729,200012
20001030,94.75310787,94.79044900,94.74377259,94.74377259,   73655,  331811,200012
20001031,94.73443731,94.76244315,94.71576675,94.75310787,  130421,  334689,200012
20001101,94.75310787,94.83712541,94.75310787,94.82779013,  138037,  346042,200012
20001102,94.82779013,94.85579597,94.79978428,94.79978428,  144351,  355287,200012
20001103,94.79978428,94.88380181,94.78111372,94.78111372,  240973,  353287,200012
20001106,94.78111372,94.82779013,94.78111372,94.79978428,  112861,  351618,200012
20001107,94.80911956,94.82779013,94.77177844,94.78111372,  104325,  349021,200012
20001108,94.78111372,94.79978428,94.75310787,94.78111372,  111672,  351535,200012
20001109,94.78111372,94.83712541,94.77177844,94.82779013,   86776,  356229,200012
20001110,94.82779013,94.89313710,94.82779013,94.88380181,  135981,  377384,200012
20001113,94.90247238,94.96781935,94.88380181,94.96781935,  150618,  382866,200012
20001114,94.95848407,94.95848407,94.89313710,94.90247238,  145978,  374596,200012
20001115,94.92114294,94.93981350,94.88380181,94.92114294,  143376,  365277,200012
20001116,94.93981350,94.96781935,94.91180766,94.93981350,  164441,  355202,200012
20001117,94.94914879,94.98648991,94.91180766,94.93047822,  112362,  351642,200012
20001120,94.93981350,94.93981350,94.90247238,94.93047822,   86452,  361555,200012
20001121,94.91180766,94.93047822,94.87446653,94.87446653,  122442,  358788,200012
20001122,94.89313710,94.93981350,94.87446653,94.93047822,  175954,  370993,200012
20001123,94.93047822,94.93981350,94.90247238,94.91180766,   68019,  356703,200012
20001124,94.90247238,94.94914879,94.88380181,94.91180766,  112624,  341209,200012
20001127,94.89313710,94.95848407,94.87446653,94.94914879,   96099,  340538,200012
20001128,94.94914879,94.98648991,94.93047822,94.97715463,  191341,  351244,200012
20001129,95.00516047,95.07984273,94.99582519,95.07050745,  274079,  344181,200012
20001130,95.09851329,95.21053667,95.08917801,95.20120139,  254782,  330415,200012
20001201,95.18253082,95.19186611,95.13585442,95.16386026,  156392,  328578,200012
20001204,95.15452498,95.26654836,95.14518970,95.22920723,  236670,  303513,200012
20001205,95.21053667,95.30388948,95.16386026,95.28521892,  290365,  188592,200012
20001206,95.28521892,95.37857174,95.28521892,95.36923646,  240857,  188592,200012
20001207,95.36916799,95.43441911,95.27595211,95.32256005,  313501,  332168,200103
20001208,95.30391687,95.36916799,95.22002258,95.25730893,  211645,  330143,200103
20001211,95.23866575,95.23866575,95.18273623,95.20137940,  114406,  340471,200103
20001212,95.20137940,95.24798734,95.13612829,95.22002258,  208212,  333621,200103
20001213,95.21070099,95.35052481,95.16409305,95.34120322,  242412,  343860,200103
20001214,95.35984640,95.41577593,95.30391687,95.35052481,  230604,  352754,200103
20001215,95.35052481,95.44374069,95.32256005,95.42509752,  179001,  382178,200103
20001218,95.42509752,95.50899181,95.41577593,95.49967022,  112714,  359686,200103
20001219,95.46238387,95.49034863,95.40645434,95.41577593,   94470,  326868,200103
20001220,95.46238387,95.60220769,95.45306228,95.57424293,  172325,  342895,200103
20001221,95.58356452,95.65813722,95.50899181,95.53695657,  155501,  355610,200103
20001222,95.55559975,95.61152928,95.53695657,95.58356452,   44787,  354990,200103
20001227,95.55559975,95.66745881,95.55559975,95.63017246,   38945,  356921,200103
20001228,95.63949404,95.63949404,95.55559975,95.61152928,   49761,  360711,200103
20001229,95.60220769,95.80728263,95.58356452,95.78863945,   36096,  363647,200103
20010102,95.76999628,95.98439280,95.74203151,95.95642804,  190728,  392355,200103
20010103,95.96574963,96.01235757,95.84456898,95.90049851,  294186,  383753,200103
20010104,95.88185533,96.01235757,95.80728263,96.01235757,  404635,  416579,200103
20010105,96.03100074,96.18014615,96.03100074,96.11489504,  394891,  441015,200103
20010108,96.13353821,96.16150298,96.04964392,96.10557345,  244519,  435413,200103
20010109,96.05896551,96.05896551,95.87253375,95.90982010,  412136,  409423,200103
20010110,95.92846328,95.92846328,95.69542357,95.74203151,  464334,  413023,200103
20010111,95.74203151,95.90049851,95.72338834,95.80728263,  500932,  415622,200103
20010112,95.79796104,95.80728263,95.62085087,95.66745881,  447751,  421553,200103
20010115,95.65813722,95.71406675,95.58356452,95.68610198,  176265,  419303,200103
20010116,95.69542357,95.79796104,95.66745881,95.70474516,  326461,  406752,200103
20010117,95.68610198,95.71406675,95.61152928,95.70474516,  397606,  411750,200103
20010118,95.74203151,95.78863945,95.62085087,95.76067469,  514909,  420578,200103
20010119,95.74203151,95.87253375,95.74203151,95.79796104,  475088,  486632,200103
20010122,95.76999628,95.81660422,95.72338834,95.74203151,  248320,  477474,200103
20010123,95.73270992,95.81660422,95.69542357,95.77931787,  223716,  452606,200103
20010124,95.70474516,95.70474516,95.57424293,95.64881563,  400601,  464652,200103
20010125,95.65813722,95.66745881,95.45306228,95.56492134,  563663,  458444,200103
20010126,95.61152928,95.63017246,95.49967022,95.51831340,  284344,  454885,200103
20010129,95.50899181,95.62085087,95.49967022,95.60220769,  159939,  438330,200103
20010130,95.57424293,95.74203151,95.56492134,95.74203151,  272729,  454026,200103
20010131,95.76067469,95.84456898,95.75135310,95.77931787,  325885,  459225,200103
20010201,95.87253375,95.90049851,95.72338834,95.75135310,  413489,  472631,200103
20010202,95.73270992,95.80728263,95.65813722,95.72338834,  434229,  470676,200103
20010205,95.72338834,95.76999628,95.71406675,95.76067469,  156258,  468132,200103
20010206,95.76999628,95.78863945,95.67678040,95.71406675,  223872,  470499,200103
20010207,95.72338834,95.76999628,95.70474516,95.74203151,  212904,  504777,200103
20010208,95.72338834,95.73270992,95.63017246,95.63949404,  282629,  469563,200103
20010209,95.67678040,95.73270992,95.62085087,95.73270992,  178730,  466783,200103
20010212,95.75135310,95.76067469,95.69542357,95.69542357,  139105,  459604,200103
20010213,95.70474516,95.78863945,95.67678040,95.68610198,  328445,  458091,200103
20010214,95.69542357,95.71406675,95.63949404,95.65813722,  226666,  461990,200103
20010215,95.62085087,95.63017246,95.49967022,95.52763499,  354479,  467525,200103
20010216,95.55559975,95.62085087,95.49967022,95.60220769,  322151,  450081,200103
20010219,95.61152928,95.62085087,95.59288610,95.60220769,   80099,  454485,200103
20010220,95.60220769,95.61152928,95.49034863,95.55559975,  271460,  436089,200103
20010221,95.56492134,95.60220769,95.51831340,95.54627816,  348795,  451720,200103
20010222,95.54627816,95.56492134,95.46238387,95.51831340,  340117,  453920,200103
20010223,95.47170546,95.63017246,95.46238387,95.62085087,  257097,  442612,200103
20010226,95.61152928,95.64881563,95.58356452,95.61152928,  180949,  430543,200103
20010227,95.63949404,95.77931787,95.63017246,95.76067469,  354936,  411339,200103
20010228,95.77931787,95.84456898,95.69542357,95.76067469,  488922,  395702,200103
20010301,95.82592581,95.83524739,95.69542357,95.72338834,  395581,  372449,200103
20010302,95.75135310,95.77931787,95.68610198,95.70474516,  320223,  338423,200103
20010305,95.70474516,95.70474516,95.63949404,95.65813722,  222856,  265713,200103
20010306,95.65813722,95.68610198,95.61152928,95.67678040,  250954,  203568,200103
20010307,95.68610198,95.71406675,95.63949404,95.66745881,  217570,  203568,200103
20010308,95.66752945,95.72331769,95.65823141,95.69542357,  230590,  436348,200106
20010309,95.69542357,95.73261573,95.63033730,95.63963533,  313860,  442474,200106
20010312,95.64893337,95.67682749,95.61174122,95.64893337,  160196,  454356,200106
20010313,95.68612553,95.71401965,95.62103926,95.63963533,  272512,  449410,200106
20010314,95.62103926,95.80700005,95.57454906,95.80700005,  644607,  507068,200106
20010315,95.79770201,95.85349025,95.74191377,95.83489417,  379039,  522528,200106
20010316,95.81629809,95.95576868,95.78840397,95.90927848,  394801,  580217,200106
20010319,95.90927848,95.91857652,95.83489417,95.86278829,  176577,  565772,200106
20010320,95.86278829,95.88138436,95.79770201,95.79770201,  126851,  566108,200106
20010321,95.91857652,96.05804712,95.89998044,95.98366280,  577392,  557426,200106
20010322,95.98366280,96.16962359,95.97436476,96.16962359,  533182,  513663,200106
20010323,96.10453731,96.13243143,96.03945104,96.10453731,  306024,  510122,200106
20010326,96.03945104,96.10453731,96.03945104,96.06734516,  200421,  523121,200106
20010327,96.07664320,96.14172947,95.90927848,95.90927848,  422666,  520322,200106
20010328,95.92787456,96.00225888,95.91857652,95.99296084,  346726,  506213,200106
20010329,96.02085496,96.04874908,95.90927848,95.96506672,  403054,  503519,200106
20010330,95.95576868,96.04874908,95.88138436,96.03945104,  269558,  503676,200106
20010402,96.03015300,96.05804712,95.88138436,95.91857652,  345332,  511985,200106
20010403,95.92787456,96.01155692,95.92787456,95.98366280,  297866,  498556,200106
20010404,96.03015300,96.07664320,95.91857652,95.93717260,  425260,  514789,200106
20010405,95.96506672,95.96506672,95.89998044,95.91857652,  241491,  517741,200106
20010406,95.88138436,96.03945104,95.85349025,96.03945104,  329773,  518106,200106
20010409,96.02085496,96.06734516,96.01155692,96.03945104,  181905,  515123,200106
20010410,96.02085496,96.04874908,95.89068240,95.90927848,  354156,  526998,200106
20010411,95.92787456,95.94647064,95.54665494,95.61174122,  860375,  566682,200106
20010412,95.61174122,95.64893337,95.48156866,95.49086670,  420746,  581883,200106
20010417,95.45367454,95.57454906,95.38858827,95.51876082,  323789,  589382,200106
20010418,95.47227062,95.69542357,95.33280003,95.65823141,  611084,  592924,200106
20010419,95.68612553,95.75121181,95.38858827,95.40718434,  537794,  556886,200106
20010420,95.30490591,95.49086670,95.28630983,95.43507846,  396987,  586596,200106
20010423,95.41648238,95.54665494,95.41648238,95.50016474,  265962,  550881,200106
20010424,95.50946278,95.52805886,95.28630983,95.35139611,  489788,  534982,200106
20010425,95.35139611,95.44437650,95.34209807,95.44437650,  328167,  528093,200106
20010426,95.39788631,95.58384710,95.36999219,95.54665494,  390388,  544737,200106
20010427,95.58384710,95.60244318,95.35139611,95.36999219,  373592,  532446,200106
20010430,95.35139611,95.37929023,95.13754120,95.14683924,  365650,  539655,200106
20010502,95.21192551,95.26771375,95.17473335,95.20262747,  344989,  521083,200106
20010503,95.21192551,95.32350199,95.20262747,95.29560787,  235582,  515238,200106
20010504,95.29560787,95.47227062,95.28630983,95.34209807,  353801,  523762,200106
20010507,95.33280003,95.43507846,95.33280003,95.41648238,   65021,  521591,200106
20010508,95.43507846,95.49086670,95.36069415,95.41648238,  236716,  521052,200106
20010509,95.41648238,95.57454906,95.39788631,95.56525102,  411413,  528583,200106
20010510,95.58384710,95.88138436,95.53735690,95.83489417,  774177,  492782,200106
20010511,95.80700005,95.87208632,95.68612553,95.73261573,  535171,  501318,200106
20010514,95.69542357,95.70472161,95.59314514,95.63033730,  362470,  515344,200106
20010515,95.64893337,95.68612553,95.59314514,95.59314514,  273311,  510740,200106
20010516,95.62103926,95.72331769,95.62103926,95.65823141,  398092,  506254,200106
20010517,95.63963533,95.64893337,95.56525102,95.64893337,  401926,  516916,200106
20010518,95.69542357,95.69542357,95.51876082,95.54665494,  290804,  515733,200106
20010521,95.54665494,95.59314514,95.48156866,95.57454906,  183591,  512967,200106
20010522,95.59314514,95.68612553,95.49086670,95.50946278,  425046,  541092,200106
20010523,95.50946278,95.55595298,95.44437650,95.52805886,  351597,  523512,200106
20010524,95.54665494,95.59314514,95.53735690,95.55595298,  115046,  521263,200106
20010525,95.52805886,95.57454906,95.50016474,95.52805886,  181192,  519406,200106
20010528,95.50946278,95.67682749,95.50946278,95.65823141,  135618,  503053,200106
20010529,95.64893337,95.68612553,95.59314514,95.63033730,  259386,  483387,200106
20010530,95.62103926,95.68612553,95.60244318,95.61174122,  238599,  472836,200106
20010531,95.62103926,95.63963533,95.47227062,95.55595298,  379310,  422342,200106
20010601,95.57454906,95.66752945,95.55595298,95.63963533,  339392,  376440,200106
20010604,95.65823141,95.70472161,95.63033730,95.69542357,   63446,  339319,200106
20010605,95.68612553,95.75121181,95.60244318,95.75121181,  290404,  240546,200106
20010606,95.73261573,95.76980789,95.60244318,95.62103926,  191872,  240546,200106
20010607,95.69538745,95.71396907,95.59318849,95.64893337,  387105,  523474,200109
20010608,95.63964256,95.64893337,95.56531605,95.60247930,  246121,  511298,200109
20010611,95.58389767,95.65822419,95.57460686,95.59318849,  211990,  495183,200109
20010612,95.60247930,95.62106093,95.47240790,95.54673442,  401662,  498080,200109
20010613,95.54673442,95.55602523,95.44453546,95.46311709,  382804,  496250,200109
20010614,95.49098953,95.61177012,95.46311709,95.59318849,  347576,  513505,200109
20010615,95.57460686,95.67680582,95.57460686,95.62106093,  319284,  531121,200109
20010618,95.59318849,95.69538745,95.59318849,95.68609663,  223656,  521208,200109
20010619,95.66751500,95.68609663,95.63035175,95.64893337,  218387,  511682,200109
20010620,95.68609663,95.74184152,95.66751500,95.72325989,  270348,  512484,200109
20010621,95.71396907,95.83474966,95.69538745,95.73255070,  302060,  518524,200109
20010622,95.75113233,95.85333129,95.73255070,95.83474966,  207105,  477789,200109
20010625,95.87191292,95.89049455,95.82545885,95.87191292,  191625,  479662,200109
20010626,95.88120373,95.89978536,95.78829559,95.79758640,  275614,  513470,200109
20010627,95.81616803,95.84404048,95.77900477,95.82545885,  181663,  519631,200109
20010628,95.76971396,95.88120373,95.73255070,95.75113233,  378916,  528238,200109
20010629,95.73255070,95.74184152,95.57460686,95.63964256,  553839,  534412,200109
20010702,95.62106093,95.71396907,95.62106093,95.70467826,  202672,  554897,200109
20010703,95.71396907,95.75113233,95.50957116,95.51886197,  429491,  572635,200109
20010704,95.50957116,95.57460686,95.48169872,95.56531605,  219020,  556270,200109
20010705,95.55602523,95.60247930,95.45382627,95.46311709,  578244,  576591,200109
20010706,95.46311709,95.59318849,95.46311709,95.58389767,  294215,  559539,200109
20010709,95.59318849,95.60247930,95.48169872,95.50957116,  306993,  562569,200109
20010710,95.54673442,95.62106093,95.50028035,95.62106093,  254704,  558311,200109
20010711,95.63035175,95.71396907,95.62106093,95.65822419,  357493,  549315,200109
20010712,95.62106093,95.72325989,95.57460686,95.71396907,  322950,  550329,200109
20010713,95.69538745,95.69538745,95.59318849,95.61177012,  202456,  546014,200109
20010716,95.64893337,95.67680582,95.62106093,95.67680582,   86894,  547386,200109
20010717,95.65822419,95.66751500,95.60247930,95.63035175,  186290,  557520,200109
20010718,95.63035175,95.76042315,95.61177012,95.76042315,  354364,  570787,200109
20010719,95.77900477,95.77900477,95.63964256,95.68609663,  340500,  591899,200109
20010720,95.69538745,95.76042315,95.68609663,95.74184152,  221914,  587833,200109
20010723,95.76042315,95.78829559,95.72325989,95.78829559,  192921,  589892,200109
20010724,95.81616803,95.82545885,95.76971396,95.79758640,  200033,  586807,200109
20010725,95.81616803,95.81616803,95.73255070,95.77900477,  220006,  591527,200109
20010726,95.75113233,95.81616803,95.68609663,95.80687722,  323510,  588650,200109
20010727,95.82545885,95.86262210,95.77900477,95.85333129,  285813,  613161,200109
20010730,95.86262210,95.86262210,95.81616803,95.84404048,  104884,  603631,200109
20010731,95.85333129,95.89049455,95.84404048,95.88120373,  215152,  597963,200109
20010801,95.88120373,95.91836699,95.85333129,95.88120373,  198908,  606396,200109
20010802,95.88120373,95.93694862,95.78829559,95.83474966,  369667,  625238,200109
20010803,95.82545885,95.90907618,95.79758640,95.89049455,  299878,  606992,200109
20010806,95.88120373,95.92765780,95.86262210,95.90907618,  151284,  603078,200109
20010807,95.91836699,95.91836699,95.84404048,95.84404048,  212579,  588248,200109
20010808,95.85333129,95.86262210,95.80687722,95.85333129,  200620,  573255,200109
20010809,95.90907618,96.02985676,95.89049455,96.02056595,  448313,  612219,200109
20010810,96.00198432,96.07631083,95.99269350,96.05772920,  245461,  620855,200109
20010813,96.06702002,96.07631083,96.01127513,96.04843839,  166903,  609641,200109
20010814,96.03914758,96.04843839,95.96482106,96.02985676,  244645,  618407,200109
20010815,96.03914758,96.07631083,96.02056595,96.03914758,  237093,  631970,200109
20010816,96.05772920,96.10418328,96.02985676,96.08560165,  285837,  653429,200109
20010817,96.07631083,96.15992816,96.05772920,96.14134653,  269583,  662162,200109
20010820,96.15063735,96.16921898,96.11347409,96.14134653,  155446,  671221,200109
20010821,96.12276490,96.14134653,96.07631083,96.09489246,  139316,  636295,200109
20010822,96.13205572,96.17850979,96.01127513,96.05772920,  466122,  643750,200109
20010823,96.03914758,96.06702002,95.98340269,96.03914758,  170849,  646877,200109
20010824,96.04843839,96.06702002,95.93694862,95.94623943,  251953,  646877,200109
20010827,95.94623943,95.96482106,95.87191292,95.93694862,  144005,  560283,200109
20010828,95.92765780,96.06702002,95.89978536,96.04843839,  325991,  545725,200109
20010829,96.07631083,96.11347409,96.00198432,96.02985676,  326318,  504034,200109
20010830,96.04843839,96.17850979,96.00198432,96.15992816,  543514,  452544,200109
20010831,96.16921898,96.20638223,96.11347409,96.14134653,  322705,  417981,200109
20010903,96.12276490,96.16921898,96.12276490,96.15063735,  167243,  363555,200109
20010904,96.12276490,96.13205572,95.85333129,95.87191292,  500527,  245479,200109
20010905,95.89978536,95.93694862,95.86262210,95.91836699,  283894,  245479,200109
20010906,95.84432767,96.02978496,95.77941762,95.99269350,  458822,  506449,200112
20010907,96.00196637,96.15033220,95.97414778,96.13178647,  462611,  526775,200112
20010910,96.15033220,96.23378798,96.04833069,96.08542215,  418631,  541491,200112
20010911,96.07614928,96.71597694,96.01123923,96.64179402,  811351,  602503,200112
20010912,96.71597694,96.84579704,96.40069954,96.53051965,  790144,  625908,200112
20010913,96.53051965,96.61397543,96.37288095,96.55833824,  599646,  575261,200112
20010914,96.58615683,96.71597694,96.56761110,96.66033975,  451988,  619938,200112
20010917,96.67888548,96.80870558,96.53051965,96.79015985,  687923,  632924,200112
20010918,96.80870558,96.83652418,96.64179402,96.66033975,  530582,  641520,200112
20010919,96.65106688,96.77161412,96.63252116,96.74379553,  388037,  641800,200112
20010920,96.72524980,96.76234126,96.66033975,96.67888548,  454501,  627259,200112
20010921,96.66961261,96.83652418,96.66033975,96.69743121,  598560,  709352,200112
20010924,96.66961261,96.67888548,96.57688397,96.65106688,  293677,  646950,200112
20010925,96.66961261,96.74379553,96.66961261,96.73452267,  264761,  616631,200112
20010926,96.74379553,96.75306839,96.65106688,96.70670407,  209627,  606194,200112
20010927,96.73452267,96.79943272,96.70670407,96.76234126,  341479,  613891,200112
20010928,96.75306839,96.79943272,96.66033975,96.66961261,  300834,  630871,200112
20011001,96.66961261,96.77161412,96.66033975,96.76234126,  216758,  632720,200112
20011002,96.76234126,96.83652418,96.74379553,96.79943272,  293997,  640559,200112
20011003,96.83652418,96.99416287,96.83652418,96.95707141,  445786,  651676,200112
20011004,96.91997996,97.02198147,96.87361563,96.96634428,  488479,  679022,200112
20011005,96.98489001,97.03125433,96.94779855,96.98489001,  359757,  699586,200112
20011008,97.02198147,97.04980006,96.93852569,96.94779855,  314872,  675921,200112
20011009,96.96634428,96.96634428,96.84579704,96.85506990,  337358,  689658,200112
20011010,96.86434277,96.90143423,96.80870558,96.81797845,  251044,  691100,200112
20011011,96.81797845,96.84579704,96.66033975,96.72524980,  620879,  691229,200112
20011012,96.71597694,96.86434277,96.69743121,96.82725131,  455527,  690392,200112
20011015,96.81797845,96.86434277,96.79943272,96.85506990,  161357,  683467,200112
20011016,96.85506990,96.90143423,96.83652418,96.88288850,  328059,  692115,200112
20011017,96.89216136,96.90143423,96.78088699,96.86434277,  385916,  659613,200112
20011018,96.86434277,96.90143423,96.83652418,96.88288850,  254272,  682619,200112
20011019,96.88288850,96.99416287,96.88288850,96.94779855,  372123,  714189,200112
20011022,96.92925282,96.97561714,96.92925282,96.95707141,  134096,  704144,200112
20011023,96.93852569,96.96634428,96.86434277,96.91070709,  326322,  716748,200112
20011024,96.92925282,96.98489001,96.91997996,96.97561714,  298325,  716886,200112
20011025,96.99416287,97.04980006,96.92925282,97.04052719,  389063,  736432,200112
20011026,97.03125433,97.05907292,96.95707141,97.04980006,  310764,  749219,200112
20011029,97.06834579,97.17034730,97.04052719,97.17034730,  283024,  752896,200112
20011030,97.17962016,97.34653172,97.17034730,97.30944027,  476883,  792691,200112
20011031,97.34653172,97.35580459,97.20743876,97.30016740,  550498,  801196,200112
20011101,97.31871313,97.44853323,97.29089454,97.34653172,  569840,  810921,200112
20011102,97.31871313,97.41144178,97.29089454,97.35580459,  331175,  817905,200112
20011105,97.34653172,97.44853323,97.30944027,97.42998750,  253461,  803056,200112
20011106,97.44853323,97.50417042,97.43926037,97.44853323,  390846,  832776,200112
20011107,97.54126188,97.59689907,97.52271615,97.58762620,  392015,  841979,200112
20011108,97.59689907,97.68035485,97.42998750,97.44853323,  749348,  895049,200112
20011109,97.41144178,97.48562469,97.35580459,97.37435032,  341339,  852722,200112
20011112,97.35580459,97.54126188,97.30016740,97.44853323,  409317,  910213,200112
20011113,97.39289605,97.39289605,97.24453021,97.26307594,  349986,  878721,200112
20011114,97.24453021,97.25380308,97.01270860,97.09616438,  703364,  907208,200112
20011115,96.82725131,97.02198147,96.79015985,96.80870558,  845803,  801030,200112
20011116,96.66961261,96.96634428,96.60470256,96.61397543,  922297,  841708,200112
20011119,96.64179402,96.86434277,96.64179402,96.84579704,  435840,  833542,200112
20011120,96.88288850,97.00343574,96.77161412,96.80870558,  430478,  829007,200112
20011121,96.75306839,96.90143423,96.57688397,96.61397543,  755009,  855598,200112
20011122,96.59542970,96.70670407,96.55833824,96.56761110,  317197,  815371,200112
20011123,96.57688397,96.72524980,96.57688397,96.61397543,  325478,  821069,200112
20011126,96.63252116,96.71597694,96.63252116,96.68815834,  237697,  793661,200112
20011127,96.61397543,96.66961261,96.39142668,96.42851814,  890490,  748487,200112
20011128,96.62324829,96.66961261,96.54906538,96.66033975,  562505,  749434,200112
20011129,96.60470256,96.78088699,96.57688397,96.75306839,  592760,  746021,200112
20011130,96.77161412,96.87361563,96.75306839,96.81797845,  412581,  535159,200112
20011203,96.84579704,96.94779855,96.82725131,96.84579704,  435298,  387664,200112
20011204,96.87361563,96.91070709,96.83652418,96.86434277,  411336,  268468,200112
20011205,96.85506990,96.85506990,96.43779100,96.53051965,  410338,  268468,200112
20011206,96.52140934,96.57711619,96.23359059,96.39142668,  821157,  525375,200203
20011207,96.37285773,96.49355591,96.24287507,96.29858192,  518454,  491547,200203
20011210,96.36357325,96.41928011,96.31715087,96.39142668,  266948,  474831,200203
20011211,96.43784906,96.57711619,96.43784906,96.48427144,  386155,  455044,200203
20011212,96.54926277,96.69781438,96.51212486,96.66996095,  433965,  484941,200203
20011213,96.69781438,96.74423675,96.47498696,96.53069381,  468963,  473723,200203
20011214,96.51212486,96.62353857,96.43784906,96.52140934,  256562,  483507,200203
20011217,96.46570248,96.49355591,96.29858192,96.33571982,  256832,  464779,200203
20011218,96.45641801,96.58640067,96.38214220,96.53997829,  264155,  494603,200203
20011219,96.58640067,96.70709885,96.54926277,96.64210752,  264991,  470490,200203
20011220,96.64210752,96.72566780,96.53997829,96.57711619,  178482,  459321,200203
20011221,96.61425410,96.66067647,96.47498696,96.49355591,   95815,  462309,200203
20011227,96.39142668,96.46570248,96.29858192,96.40071115,   46405,  452069,200203
20011228,96.48427144,96.51212486,96.36357325,96.43784906,   87931,  452363,200203
20020102,96.64210752,96.64210752,96.41928011,96.47498696,  247646,  466304,200203
20020103,96.42856458,96.52140934,96.40999563,96.51212486,  275794,  455964,200203
20020104,96.51212486,96.51212486,96.33571982,96.40071115,  351673,  446288,200203
20020107,96.43784906,96.54926277,96.35428878,96.52140934,  370449,  463782,200203
20020108,96.53997829,96.56783172,96.46570248,96.48427144,  331991,  455403,200203
20020109,96.45641801,96.47498696,96.28929745,96.33571982,  458169,  446096,200203
20020110,96.38214220,96.42856458,96.31715087,96.32643535,  364704,  434089,200203
20020111,96.35428878,96.39142668,96.24287507,96.38214220,  564547,  408499,200203
20020114,96.52140934,96.54926277,96.44713353,96.48427144,  411240,  420853,200203
20020115,96.45641801,96.45641801,96.33571982,96.41928011,  482641,  441901,200203
20020116,96.41928011,96.48427144,96.38214220,96.41928011,  432307,  413707,200203
20020117,96.40071115,96.44713353,96.32643535,96.33571982,  437867,  418538,200203
20020118,96.35428878,96.40071115,96.30786640,96.39142668,  223513,  416502,200203
20020121,96.36357325,96.40999563,96.32643535,96.40999563,  125825,  414594,200203
20020122,96.39142668,96.39142668,96.14074583,96.22430612,  549842,  462765,200203
20020123,96.20573716,96.29858192,96.14074583,96.26144402,  444249,  456387,200203
20020124,96.20573716,96.21502164,96.04790108,96.07575450,  620275,  490892,200203
20020125,96.06647003,96.09432346,95.89934947,95.90863394,  639376,  524748,200203
20020128,95.95505632,95.97362527,95.81578919,95.97362527,  506097,  525299,200203
20020129,95.95505632,96.10360793,95.90863394,96.07575450,  659071,  536851,200203
20020130,96.14074583,96.15931479,96.02933213,96.09432346,  585623,  556321,200203
20020131,96.01076317,96.09432346,95.94577185,96.07575450,  455553,  561111,200203
20020201,95.98290975,96.13146136,95.95505632,96.12217688,  420371,  606318,200203
20020204,96.09432346,96.28001297,96.09432346,96.26144402,  274356,  584173,200203
20020205,96.27072849,96.33571982,96.21502164,96.29858192,  448221,  524358,200203
20020206,96.30786640,96.37285773,96.26144402,96.31715087,  505444,  548698,200203
20020207,96.33571982,96.35428878,96.10360793,96.15003031,  746101,  540289,200203
20020208,96.15931479,96.23359059,96.09432346,96.22430612,  352624,  536768,200203
20020211,96.18716821,96.18716821,96.13146136,96.17788374,  162867,  534434,200203
20020212,96.17788374,96.25215954,96.11289241,96.12217688,  425358,  498192,200203
20020213,96.05718555,96.08503898,95.95505632,96.04790108,  481268,  533092,200203
20020214,96.08503898,96.10360793,96.02004765,96.09432346,  313572,  536675,200203
20020215,96.11289241,96.21502164,96.09432346,96.20573716,  275284,  515058,200203
20020218,96.22430612,96.22430612,96.15931479,96.19645269,   98344,  521664,200203
20020219,96.18716821,96.27072849,96.13146136,96.14074583,  428258,  523697,200203
20020220,96.15003031,96.18716821,96.09432346,96.18716821,  376876,  501555,200203
20020221,96.13146136,96.15003031,96.08503898,96.11289241,  353107,  488816,200203
20020222,96.17788374,96.25215954,96.15003031,96.24287507,  279210,  490786,200203
20020225,96.21502164,96.22430612,96.15003031,96.15931479,  279706,  489477,200203
20020226,96.15931479,96.20573716,96.07575450,96.12217688,  405021,  483979,200203
20020227,96.11289241,96.17788374,96.06647003,96.14074583,  449447,  515002,200203
20020228,96.18716821,96.22430612,96.11289241,96.20573716,  453479,  464121,200203
20020301,96.18716821,96.19645269,96.08503898,96.09432346,  331823,  441512,200203
20020304,96.04790108,96.06647003,96.02004765,96.05718555,  324397,  376806,200203
20020305,96.06647003,96.07575450,95.91791842,96.02004765,  558811,  256259,200203
20020306,96.02004765,96.07575450,95.99219422,96.01076317,  509797,  256259,200203
20020307,96.26272688,96.28142412,96.06640589,96.07575450,  540312,  490609,200206
20020308,96.01031417,96.10380036,95.98226832,96.02901141,  499604,  557205,200206
20020311,96.01966279,96.09445174,96.01966279,96.03836003,  211403,  525901,200206
20020312,96.03836003,96.13184622,96.03836003,96.06640589,  359182,  529178,200206
20020313,96.03836003,96.12249760,95.99161694,96.09445174,  454202,  554144,200206
20020314,96.10380036,96.14119484,96.00096556,96.02901141,  425539,  544557,200206
20020315,95.98226832,96.01966279,95.92617661,95.99161694,  396973,  550425,200206
20020318,96.01031417,96.02901141,95.93552522,95.98226832,  245191,  530825,200206
20020319,95.98226832,96.02901141,95.95422246,95.98226832,  259040,  568456,200206
20020320,96.01031417,96.07575450,95.90747937,95.92617661,  362774,  550545,200206
20020321,95.91682799,95.94487384,95.86073627,95.92617661,  392945,  541302,200206
20020322,95.92617661,95.93552522,95.76725009,95.85138766,  350467,  559165,200206
20020325,95.84203904,95.86073627,95.77659871,95.80464456,  241039,  558680,200206
20020326,95.81399318,95.92617661,95.80464456,95.90747937,  544995,  552697,200206
20020327,95.90747937,95.96357108,95.88878213,95.92617661,  258991,  543281,200206
20020328,95.93552522,95.98226832,95.82334180,95.85138766,  313948,  540980,200206
20020402,95.83269042,95.93552522,95.82334180,95.92617661,  177623,  543334,200206
20020403,95.95422246,96.03836003,95.92617661,96.01966279,  308930,  556389,200206
20020404,96.03836003,96.12249760,96.00096556,96.09445174,  447199,  540396,200206
20020405,96.08510312,96.15989207,96.01966279,96.15054345,  385291,  556919,200206
20020408,96.15989207,96.22533240,96.10380036,96.14119484,  400408,  578122,200206
20020409,96.11314898,96.17858931,96.06640589,96.16924069,  310659,  586808,200206
20020410,96.19728655,96.23468102,96.11314898,96.15989207,  304830,  585147,200206
20020411,96.13184622,96.19728655,96.07575450,96.18793793,  351232,  590794,200206
20020412,96.17858931,96.23468102,96.13184622,96.20663517,  340223,  581092,200206
20020415,96.19728655,96.32816721,96.17858931,96.30946997,  313063,  579373,200206
20020416,96.29077274,96.29077274,96.10380036,96.13184622,  507016,  584006,200206
20020417,96.15054345,96.23468102,96.11314898,96.20663517,  451561,  590741,200206
20020418,96.21598379,96.48709373,96.15054345,96.27207550,  685019,  621689,200206
20020419,96.25337826,96.26272688,96.16924069,96.19728655,  287838,  595198,200206
20020422,96.18793793,96.30946997,96.18793793,96.30012135,  241479,  597907,200206
20020423,96.29077274,96.35621307,96.24402964,96.25337826,  387352,  615346,200206
20020424,96.24402964,96.35621307,96.23468102,96.33751583,  364834,  599143,200206
20020425,96.38425892,96.60862577,96.37491030,96.46839649,  587315,  592918,200206
20020426,96.46839649,96.50579097,96.38425892,96.49644235,  438289,  599992,200206
20020429,96.50579097,96.51513958,96.38425892,96.41230478,  238844,  583504,200206
20020430,96.40295616,96.46839649,96.39360754,96.42165340,  325642,  591999,200206
20020502,96.47774511,96.47774511,96.21598379,96.26272688,  558628,  625768,200206
20020503,96.27207550,96.42165340,96.22533240,96.41230478,  535305,  609832,200206
20020506,96.40295616,96.40295616,96.34686445,96.38425892,   96133,  610277,200206
20020507,96.40295616,96.47774511,96.36556168,96.41230478,  365401,  599817,200206
20020508,96.42165340,96.42165340,96.28142412,96.29077274,  395537,  614686,200206
20020509,96.23468102,96.29077274,96.19728655,96.23468102,  310998,  604063,200206
20020510,96.26272688,96.28142412,96.14119484,96.22533240,  360383,  610318,200206
20020513,96.25337826,96.25337826,96.14119484,96.14119484,  282294,  634574,200206
20020514,96.12249760,96.13184622,96.00096556,96.02901141,  690973,  608754,200206
20020515,96.02901141,96.06640589,95.97291970,96.01966279,  499246,  584518,200206
20020516,96.04770865,96.09445174,96.02901141,96.05705727,  395710,  555676,200206
20020517,96.04770865,96.04770865,95.94487384,96.00096556,  377622,  566481,200206
20020520,96.00096556,96.10380036,96.00096556,96.08510312,  199815,  570283,200206
20020521,96.08510312,96.19728655,96.01031417,96.18793793,  533024,  550351,200206
20020522,96.17858931,96.27207550,96.16924069,96.22533240,  437037,  548149,200206
20020523,96.19728655,96.29077274,96.15054345,96.28142412,  432830,  556653,200206
20020524,96.23468102,96.26272688,96.19728655,96.21598379,  234321,  547419,200206
20020527,96.22533240,96.23468102,96.15054345,96.16924069,  154816,  531405,200206
20020528,96.15989207,96.21598379,96.10380036,96.20663517,  347722,  537131,200206
20020529,96.22533240,96.30946997,96.17858931,96.24402964,  424237,  475911,200206
20020530,96.29077274,96.35621307,96.28142412,96.30946997,  507840,  447230,200206
20020531,96.30946997,96.34686445,96.18793793,96.20663517,  354689,  410361,200206
20020603,96.22533240,96.26272688,96.14119484,96.25337826,  246399,  304969,200206
20020604,96.30012135,96.39360754,96.28142412,96.38425892,  374332,  246237,200206
20020605,96.32816721,96.35621307,96.29077274,96.33751583,  348270,  246237,200206
20020606,96.26266958,96.30014045,96.13152153,96.29077274,  545788,  484997,200209
20020607,96.34697904,96.36571448,96.28140502,96.31887589,  380042,  471952,200209
20020610,96.30014045,96.41255307,96.27203730,96.33761132,  274547,  460428,200209
20020611,96.35634676,96.36571448,96.28140502,96.36571448,  274366,  476368,200209
20020612,96.39381763,96.45002394,96.36571448,96.43128850,  222500,  462774,200209
20020613,96.41255307,96.56243656,96.34697904,96.50623025,  489010,  464478,200209
20020614,96.55306884,96.69358461,96.52496568,96.62801058,  472014,  476320,200209
20020617,96.63737830,96.63737830,96.54370112,96.58117199,  241529,  483054,200209
20020618,96.59990743,96.66548145,96.56243656,96.59053971,  351521,  478176,200209
20020619,96.66548145,96.70295232,96.61864286,96.65611373,  298685,  483468,200209
20020620,96.72168776,96.72168776,96.59053971,96.60927515,  448453,  486883,200209
20020621,96.61864286,96.69358461,96.55306884,96.65611373,  311599,  518151,200209
20020624,96.65611373,96.78726179,96.60927515,96.76852635,  425848,  514133,200209
20020625,96.72168776,96.74042320,96.63737830,96.67484917,  362964,  508688,200209
20020626,96.86220353,96.95588071,96.77789407,96.83410038,  665041,  559913,200209
20020627,96.78726179,96.84346809,96.72168776,96.78726179,  407011,  537719,200209
20020628,96.74042320,96.88093897,96.72168776,96.82473266,  422978,  527305,200209
20020701,96.85283581,96.89030668,96.80599722,96.86220353,  310790,  540406,200209
20020702,96.89030668,96.96524843,96.86220353,96.95588071,  424247,  543373,200209
20020703,96.95588071,96.95588071,96.84346809,96.89967440,  479774,  557295,200209
20020704,96.85283581,96.85283581,96.77789407,96.82473266,  269663,  542607,200209
20020705,96.78726179,96.80599722,96.69358461,96.69358461,  335546,  509517,200209
20020708,96.74042320,96.79662950,96.72168776,96.79662950,  287872,  524151,200209
20020709,96.80599722,96.81536494,96.74979091,96.78726179,  312800,  531544,200209
20020710,96.86220353,96.94651299,96.84346809,96.94651299,  507538,  523640,200209
20020711,97.02145473,97.06829332,96.98398386,97.02145473,  464577,  539246,200209
20020712,96.96524843,97.11513191,96.93714527,97.07766104,  414298,  563002,200209
20020715,97.12449963,97.21817681,97.06829332,97.17133822,  367056,  563999,200209
20020716,97.13386735,97.25564768,97.04955789,97.05892561,  722195,  559139,200209
20020717,97.10576420,97.15260279,96.97461614,97.09639648,  485648,  590774,200209
20020718,97.09639648,97.10576420,96.98398386,97.05892561,  373099,  577674,200209
20020719,97.12449963,97.19944138,97.12449963,97.18070594,  355089,  566547,200209
20020722,97.23691225,97.29311856,97.19007366,97.28375084,  338037,  589272,200209
20020723,97.21817681,97.27438312,97.15260279,97.24627997,  376483,  585583,200209
20020724,97.33058943,97.62098868,97.30248627,97.44300204,  870710,  578556,200209
20020725,97.29311856,97.46173748,97.28375084,97.40553117,  693200,  566582,200209
20020726,97.48047291,97.59288553,97.45236976,97.51794379,  497179,  553144,200209
20020729,97.47110520,97.49920835,97.31185399,97.32122171,  298977,  521914,200209
20020730,97.29311856,97.40553117,97.25564768,97.33995714,  365232,  525867,200209
20020731,97.33058943,97.53667922,97.33058943,97.49920835,  513405,  555386,200209
20020801,97.56478238,97.64909184,97.50857607,97.63972412,  478615,  552834,200209
20020802,97.65845955,97.87391707,97.63972412,97.85518163,  559194,  535550,200209
20020805,97.83644620,98.00506512,97.80834304,97.98632968,  554758,  529081,200209
20020806,98.00506512,98.05190371,97.73340130,97.77087217,  708718,  529408,200209
20020807,97.77087217,97.94885881,97.68656271,97.90202022,  609861,  522582,200209
20020808,97.87391707,97.89265250,97.77087217,97.84581391,  515605,  526989,200209
20020809,97.78023989,97.81771076,97.70529814,97.78960761,  368555,  519681,200209
20020812,97.81771076,97.84581391,97.75213673,97.78023989,  293960,  523048,200209
20020813,97.77087217,97.91138794,97.74276902,97.83644620,  493420,  520099,200209
20020814,98.03316827,98.04253599,97.80834304,97.82707848,  583630,  537512,200209
20020815,97.73340130,97.78960761,97.46173748,97.58351781,  872729,  537526,200209
20020816,97.55541466,97.66782727,97.44300204,97.53667922,  627322,  525192,200209
20020819,97.48047291,97.58351781,97.45236976,97.48047291,  383325,  505509,200209
20020820,97.52731150,97.64909184,97.48984063,97.63972412,  332639,  505747,200209
20020821,97.63972412,97.64909184,97.34932486,97.43363432,  615305,  511151,200209
20020822,97.44300204,97.46173748,97.34932486,97.42426661,  428248,  476858,200209
20020823,97.37742802,97.56478238,97.36806030,97.55541466,  330679,  505548,200209
20020826,97.53667922,97.57415009,97.46173748,97.56478238,  100010,  483823,200209
20020827,97.53667922,97.61162097,97.45236976,97.49920835,  464317,  443718,200209
20020828,97.51794379,97.66782727,97.50857607,97.65845955,  350117,  424213,200209
20020829,97.68656271,97.78960761,97.64909184,97.70529814,  456005,  434252,200209
20020830,97.73340130,97.83644620,97.69593043,97.78960761,  380060,  405575,200209
20020902,97.81771076,97.92075566,97.79897532,97.90202022,  215632,  371731,200209
20020903,97.93949109,98.04253599,97.86454935,98.01443284,  553489,  296491,200209
20020904,98.06127143,98.11747773,97.98632968,98.08937458,  477424,  178133,200209
20020905,98.06127143,98.26736122,98.02380055,98.20178720,  342090,  178133,200209
20020906,98.23921245,98.37995631,98.19229783,98.26736122,  534713,  483862,200212
20020909,98.19229783,98.19229783,97.98587351,98.09846859,  442725,  491242,200212
20020910,98.05155397,98.07031982,97.92957596,98.01402228,  483642,  496844,200212
20020911,97.96710766,98.02340520,97.85451257,97.89204427,  417954,  486137,200212
20020912,97.90142719,98.12661736,97.90142719,98.11723444,  532521,  495287,200212
20020913,98.14538321,98.23921245,98.13600029,98.17353198,  454771,  517797,200212
20020916,98.20168075,98.29550999,98.13600029,98.27674414,  313090,  525023,200212
20020917,98.18291491,98.29550999,98.09846859,98.26736122,  397622,  504001,200212
20020918,98.32365876,98.38933923,98.29550999,98.33304169,  430927,  509366,200212
20020919,98.31427584,98.44563677,98.29550999,98.35180754,  481719,  536097,200212
20020920,98.40810508,98.45501970,98.30489292,98.35180754,  426070,  529208,200212
20020923,98.41748800,98.49255139,98.35180754,98.44563677,  321654,  530621,200212
20020924,98.42687093,98.58638063,98.38933923,98.57699771,  554834,  586176,200212
20020925,98.57699771,98.60514648,98.35180754,98.42687093,  604324,  561366,200212
20020926,98.35180754,98.45501970,98.32365876,98.37995631,  429631,  541501,200212
20020927,98.39872215,98.44563677,98.37057338,98.44563677,  259037,  549284,200212
20020930,98.53946601,98.73650741,98.51131724,98.68959279,  341621,  572476,200212
20021001,98.68020987,98.69897572,98.55823186,98.60514648,  512253,  558914,200212
20021002,98.55823186,98.57699771,98.44563677,98.53946601,  538749,  586442,200212
20021003,98.61452940,98.67082695,98.52070016,98.66144402,  483213,  604785,200212
20021004,98.63329525,98.75527326,98.55823186,98.75527326,  609981,  661245,200212
20021007,98.82095373,98.83033665,98.69897572,98.72712449,  351761,  650195,200212
20021008,98.70835864,98.78342203,98.62391233,98.73650741,  550905,  656279,200212
20021009,98.69897572,98.77403911,98.68020987,98.73650741,  419288,  625384,200212
20021010,98.78342203,98.80218788,98.49255139,98.50193432,  836494,  595394,200212
20021011,98.52070016,98.53008309,98.30489292,98.31427584,  654420,  617313,200212
20021014,98.37995631,98.45501970,98.36119046,98.39872215,  288545,  581741,200212
20021015,98.37995631,98.38933923,98.17353198,98.18291491,  729675,  567367,200212
20021016,98.21106368,98.27674414,98.15476614,98.19229783,  644227,  581538,200212
20021017,98.10785152,98.31427584,97.98587351,98.24859537, 1111309,  637989,200212
20021018,98.19229783,98.37057338,98.16414906,98.28612707,  685178,  578733,200212
20021021,98.33304169,98.37995631,98.19229783,98.21106368,  319683,  566615,200212
20021022,98.22044660,98.30489292,98.21106368,98.23921245,  478795,  554822,200212
20021023,98.22044660,98.40810508,98.22044660,98.37995631,  481102,  560217,200212
20021024,98.36119046,98.37995631,98.22982953,98.33304169,  524546,  573736,200212
20021025,98.38933923,98.41748800,98.23921245,98.32365876,  648084,  588298,200212
20021028,98.51131724,98.51131724,98.36119046,98.40810508,  342436,  578713,200212
20021029,98.47378555,98.59576355,98.44563677,98.56761478,  511819,  580928,200212
20021030,98.53946601,98.56761478,98.44563677,98.48316847,  439504,  579482,200212
20021031,98.50193432,98.68020987,98.46440262,98.67082695,  497500,  597911,200212
20021101,98.66144402,98.70835864,98.53946601,98.57699771,  459541,  588078,200212
20021104,98.56761478,98.62391233,98.50193432,98.60514648,  364665,  599039,200212
20021105,98.62391233,98.64267817,98.45501970,98.46440262,  428993,  590325,200212
20021106,98.47378555,98.48316847,98.38933923,98.47378555,  349588,  589783,200212
20021107,98.56761478,98.58638063,98.35180754,98.52070016,  855522,  633344,200212
20021108,98.54884894,98.71774156,98.54884894,98.70835864,  438452,  604015,200212
20021111,98.70835864,98.74589034,98.68020987,98.72712449,  180129,  610735,200212
20021112,98.74589034,98.78342203,98.69897572,98.75527326,  421973,  604285,200212
20021113,98.74589034,98.81157080,98.70835864,98.76465618,  350103,  604807,200212
20021114,98.79280496,98.80218788,98.63329525,98.64267817,  514184,  598658,200212
20021115,98.59576355,98.69897572,98.57699771,98.67082695,  352321,  575572,200212
20021118,98.66144402,98.67082695,98.60514648,98.65206110,  129538,  578294,200212
20021119,98.68959279,98.70835864,98.66144402,98.67082695,  201477,  561446,200212
20021120,98.67082695,98.76465618,98.65206110,98.70835864,  304044,  565851,200212
20021121,98.66144402,98.68020987,98.61452940,98.63329525,  304044,  530684,200212
20021122,98.64267817,98.68020987,98.61452940,98.61452940,  229475,  550643,200212
20021125,98.58638063,98.60514648,98.51131724,98.58638063,  306858,  520247,200212
20021126,98.59576355,98.69897572,98.56761478,98.68959279,  335173,  519290,200212
20021127,98.68959279,98.68959279,98.49255139,98.50193432,  434521,  511567,200212
20021128,98.48316847,98.55823186,98.47378555,98.52070016,  257386,  496234,200212
20021129,98.53946601,98.57699771,98.50193432,98.57699771,  231223,  438418,200212
20021202,98.55823186,98.57699771,98.47378555,98.53946601,  288423,  411642,200212
20021203,98.55823186,98.66144402,98.53008309,98.61452940,  417256,  305257,200212
20021204,98.63329525,98.67082695,98.56761478,98.60514648,  461595,  199716,200212
20021205,98.61452940,98.70835864,98.49255139,98.65206110,  428894,  199716,200212
20021206,98.57688512,98.67083945,98.52051252,98.66144402,  375215,  493372,200303
20021209,98.70842119,98.78358465,98.66144402,98.75539835,  281160,  486650,200303
20021210,98.78358465,98.82116639,98.75539835,98.78358465,  328616,  467561,200303
20021211,98.78358465,98.84935269,98.72721205,98.83995725,  341460,  465916,200303
20021212,98.83056182,98.96209788,98.82116639,98.92451615,  294643,  481621,200303
20021213,98.94330702,98.96209788,98.88693442,98.91512072,  275711,  491818,200303
20021216,98.99028418,98.99028418,98.88693442,98.88693442,  167660,  497089,200303
20021217,98.89632985,99.01847048,98.87753899,98.99967962,  310673,  539427,200303
20021218,99.01847048,99.12182025,99.00907505,99.10302938,  243750,  522408,200303
20021219,99.09363395,99.14061111,99.04665678,99.11242482,  237303,  521260,200303
20021220,99.12182025,99.13121568,99.04665678,99.06544765,  118766,  503594,200303
20021223,99.10302938,99.13121568,99.07484308,99.08423852,   63677,  506484,200303
20021227,99.14061111,99.27214718,99.14061111,99.26275175,   74994,  509569,200303
20021230,99.25335631,99.29093805,99.17819285,99.25335631,   64677,  515833,200303
20030102,99.32851978,99.32851978,99.03726135,99.06544765,  374863,  556938,200303
20030103,99.07484308,99.17819285,99.00907505,99.15940198,  382648,  569222,200303
20030106,99.13121568,99.25335631,99.07484308,99.21577458,  384519,  580963,200303
20030107,99.26275175,99.28154261,99.18758828,99.28154261,  334663,  583792,200303
20030108,99.26275175,99.40368324,99.25335631,99.40368324,  415683,  595622,200303
20030109,99.36610151,99.39428781,99.25335631,99.28154261,  546564,  588786,200303
20030110,99.25335631,99.36610151,99.20637915,99.36610151,  487415,  581613,200303
20030113,99.30972891,99.32851978,99.22517001,99.28154261,  397133,  596359,200303
20030114,99.31912435,99.33791521,99.25335631,99.31912435,  474649,  594204,200303
20030115,99.32851978,99.33791521,99.24396088,99.31912435,  433491,  611211,200303
20030116,99.30033348,99.31912435,99.22517001,99.28154261,  449215,  607439,200303
20030117,99.33791521,99.43186954,99.30972891,99.43186954,  540770,  643174,200303
20030120,99.42247411,99.48824214,99.39428781,99.46945128,  239752,  656224,200303
20030121,99.46005584,99.46945128,99.38489238,99.45066041,  467296,  673250,200303
20030122,99.46005584,99.49763758,99.43186954,99.47884671,  340827,  688642,200303
20030123,99.45066041,99.51642844,99.41307868,99.48824214,  354202,  737574,200303
20030124,99.49763758,99.56340561,99.46945128,99.51642844,  444019,  676090,200303
20030127,99.46945128,99.54461474,99.45066041,99.46945128,  519028,  665467,200303
20030128,99.44126498,99.47884671,99.40368324,99.46945128,  431098,  652246,200303
20030129,99.48824214,99.54461474,99.46005584,99.46945128,  397465,  655037,200303
20030130,99.44126498,99.46945128,99.40368324,99.44126498,  447992,  662559,200303
20030131,99.46945128,99.52582388,99.45066041,99.47884671,  344694,  659426,200303
20030203,99.46945128,99.47884671,99.41307868,99.45066041,  226618,  643677,200303
20030204,99.46005584,99.55401018,99.46005584,99.55401018,  339241,  653359,200303
20030205,99.56340561,99.59159191,99.45066041,99.46005584,  397157,  632385,200303
20030206,99.49763758,99.61038277,99.47884671,99.61038277,  466422,  651370,200303
20030207,99.59159191,99.67615081,99.58219648,99.65735994,  389384,  648384,200303
20030210,99.64796451,99.69494167,99.61038277,99.61977821,  328582,  637627,200303
20030211,99.61977821,99.71373254,99.60098734,99.67615081,  405756,  640770,200303
20030212,99.70433711,99.78889601,99.68554624,99.77010514,  447942,  644294,200303
20030213,99.80768687,99.85466404,99.78889601,99.84526860,  374293,  646809,200303
20030214,99.82647774,99.82647774,99.68554624,99.75131427,  411114,  625201,200303
20030217,99.71373254,99.75131427,99.66675537,99.70433711,  224644,  615966,200303
20030218,99.71373254,99.76070971,99.69494167,99.71373254,  291822,  609411,200303
20030219,99.75131427,99.81708231,99.73252341,99.78889601,  337313,  624307,200303
20030220,99.79829144,99.83587317,99.77950057,99.80768687,  325004,  651089,200303
20030221,99.79829144,99.84526860,99.73252341,99.76070971,  412788,  670935,200303
20030224,99.83587317,99.93922294,99.83587317,99.91103664,  483914,  639863,200303
20030225,99.94861837,100.01438640,99.92982750,99.96740924,  402504,  619712,200303
20030226,99.93922294,99.98620010,99.92043207,99.98620010,  342932,  606492,200303
20030227,100.00499097,100.01438640,99.79829144,99.84526860,  577852,  558256,200303
20030228,99.85466404,100.02378184,99.82647774,100.00499097,  428991,  527617,200303
20030303,99.99559554,100.02378184,99.95801380,99.99559554,  318755,  466064,200303
20030304,100.01438640,100.05196814,99.97680467,100.00499097,  562568,  314771,200303
20030305,100.05196814,100.06136357,99.99559554,100.01438640,  493423,  314771,200303
20030306,99.90168444,99.97679849,99.76084560,99.96740924,  677767,  547645,200306
20030307,99.94863072,100.04252328,99.94863072,100.01435552,  399891,  527451,200306
20030310,100.04252328,100.10824808,100.03313403,100.08946957,  214354,  533554,200306
20030311,100.10824808,100.10824808,100.00496626,100.01435552,  320201,  548881,200306
20030312,99.98618775,100.02374477,99.94863072,99.96740924,  363183,  546025,200306
20030313,99.89229519,99.89229519,99.59183899,99.60122825, 1042602,  521581,200306
20030314,99.55428197,99.65756379,99.49794643,99.56367123,  936906,  571006,200306
20030317,99.68573155,99.73267783,99.31016131,99.32893982,  852806,  537170,200306
20030318,99.31955057,99.44161090,99.31016131,99.36649685,  782832,  556713,200306
20030319,99.34771834,99.46977867,99.15993322,99.20687950,  979485,  589654,200306
20030320,99.16932247,99.42283239,99.16932247,99.32893982,  881400,  570548,200306
20030321,99.31955057,99.35710759,99.13176545,99.17871173,  601240,  564535,200306
20030324,99.30077206,99.35710759,99.27260429,99.33832908,  408320,  566597,200306
20030325,99.36649685,99.46038941,99.33832908,99.34771834,  497214,  546695,200306
20030326,99.36649685,99.39466462,99.31016131,99.37588610,  535434,  554589,200306
20030327,99.42283239,99.52611420,99.41344313,99.44161090,  523217,  548381,200306
20030328,99.47916792,99.57306048,99.45100015,99.56367123,  427890,  549376,200306
20030331,99.62000676,99.74206709,99.62000676,99.72328858,  355525,  538814,200306
20030401,99.73267783,99.78901337,99.69512081,99.77962412,  475049,  537154,200306
20030402,99.72328858,99.72328858,99.57306048,99.58244974,  557638,  543119,200306
20030403,99.62939602,99.64817453,99.44161090,99.57306048,  805227,  550573,200306
20030404,99.55428197,99.62000676,99.46977867,99.60122825,  513285,  529305,200306
20030407,99.43222164,99.45100015,99.36649685,99.43222164,  460482,  525858,200306
20030408,99.46038941,99.52611420,99.39466462,99.47916792,  447007,  546084,200306
20030409,99.53550346,99.62000676,99.46977867,99.62000676,  486080,  543799,200306
20030410,99.65756379,99.66695304,99.60122825,99.62000676,  454664,  538515,200306
20030411,99.61061751,99.61061751,99.40405387,99.48855718,  520317,  533170,200306
20030414,99.46977867,99.46977867,99.31955057,99.32893982,  369951,  526798,200306
20030415,99.31016131,99.43222164,99.27260429,99.35710759,  534948,  537872,200306
20030416,99.31016131,99.45100015,99.30077206,99.43222164,  365072,  530768,200306
20030417,99.47916792,99.50733569,99.38527536,99.40405387,  250399,  516753,200306
20030422,99.40405387,99.61061751,99.40405387,99.55428197,  344282,  518947,200306
20030423,99.54489271,99.55428197,99.47916792,99.47916792,  331356,  541550,200306
20030424,99.54489271,99.64817453,99.54489271,99.63878527,  420550,  550518,200306
20030425,99.64817453,99.70451007,99.62000676,99.68573155,  354296,  561839,200306
20030428,99.74206709,99.75145635,99.62939602,99.64817453,  400875,  558214,200306
20030429,99.63878527,99.67634230,99.55428197,99.61061751,  469271,  545857,200306
20030430,99.64817453,99.80779188,99.61061751,99.79840263,  447162,  541924,200306
20030502,99.85473816,99.88290593,99.73267783,99.77023486,  308113,  534331,200306
20030505,99.74206709,99.80779188,99.73267783,99.78901337,  128581,  539290,200306
20030506,99.81718114,99.83595965,99.77962412,99.80779188,  184912,  561503,200306
20030507,100.02374477,100.02374477,99.90168444,99.94863072,  507795,  549198,200306
20030508,99.98618775,100.04252328,99.85473816,99.98618775,  695163,  573903,200306
20030509,99.94863072,99.97679849,99.89229519,99.93924147,  314670,  570530,200306
20030512,100.00496626,100.07069105,99.97679849,99.98618775,  394254,  555569,200306
20030513,100.00496626,100.08946957,99.95801998,100.08008031,  501151,  577194,200306
20030514,100.08008031,100.08946957,100.00496626,100.07069105,  530585,  588617,200306
20030515,100.08946957,100.12702659,100.02374477,100.10824808,  450613,  628975,200306
20030516,100.09885882,100.17397287,100.08008031,100.12702659,  398706,  617943,200306
20030519,100.19275138,100.28664394,100.19275138,100.23969766,  442798,  615247,200306
20030520,100.20214064,100.26786543,100.14580510,100.25847617,  335904,  616802,200306
20030521,100.28664394,100.28664394,100.20214064,100.23030841,  433951,  612828,200306
20030522,100.20214064,100.26786543,100.18336213,100.24908692,  346991,  617193,200306
20030523,100.26786543,100.35236873,100.24908692,100.33359022,  366920,  605160,200306
20030526,100.34297948,100.38053650,100.29603320,100.38053650,   85410,  584484,200306
20030527,100.36175799,100.40870427,100.25847617,100.27725469,  430585,  550456,200306
20030528,100.27725469,100.28664394,100.15519436,100.20214064,  713792,  490261,200306
20030529,100.23969766,100.33359022,100.15519436,100.32420097,  354634,  479575,200306
20030530,100.32420097,100.37114725,100.22091915,100.32420097,  373021,  464539,200306
20030602,100.28664394,100.29603320,100.23030841,100.28664394,  383828,  443363,200306
20030603,100.30542245,100.50259683,100.29603320,100.49320758,  536146,  313934,200306
20030604,100.47442906,100.49320758,100.37114725,100.39931502,  627765,  185212,200306
20030605,100.38053650,100.52137534,100.29603320,100.45565055,  435443,  185212,200306
20030606,100.50260210,100.60594185,100.41805140,100.49320758,  488764,  502608,200309
20030609,100.51199662,100.60594185,100.49320758,100.49320758,  205208,  494571,200309
20030610,100.57775828,100.73746516,100.53078567,100.72807064,  397551,  509463,200309
20030611,100.72807064,100.75625421,100.61533637,100.70928159,  512348,  521912,200309
20030612,100.69049255,100.69988707,100.62473089,100.67170350,  468823,  511622,200309
20030613,100.64351994,100.76564873,100.64351994,100.74685968,  349522,  515447,200309
20030616,100.74685968,100.77504325,100.58715280,100.60594185,  375113,  509164,200309
20030617,100.60594185,100.62473089,100.42744592,100.48381305,  731084,  516586,200309
20030618,100.45562949,100.48381305,100.31471165,100.35228974,  798559,  486811,200309
20030619,100.41805140,100.48381305,100.34289521,100.46502401,  713676,  468818,200309
20030620,100.41805140,100.52139114,100.37107878,100.38047331,  392481,  456887,200309
20030623,100.38986783,100.44623496,100.37107878,100.42744592,  282634,  499094,200309
20030624,100.45562949,100.47441853,100.39926235,100.46502401,  357602,  482642,200309
20030625,100.48381305,100.58715280,100.46502401,100.53078567,  537910,  492318,200309
20030626,100.28652808,100.36168426,100.19258285,100.21137190,  775023,  476365,200309
20030627,100.16439929,100.25834451,100.12682120,100.13621572,  502200,  476958,200309
20030630,100.16439929,100.28652808,100.15500476,100.27713356,  356735,  480640,200309
20030701,100.30531712,100.39926235,100.27713356,100.34289521,  488354,  478356,200309
20030702,100.29592260,100.30531712,100.20197738,100.28652808,  549317,  477349,200309
20030703,100.27713356,100.34289521,100.15500476,100.22076642,  600202,  489957,200309
20030704,100.19258285,100.32410617,100.19258285,100.32410617,  130936,  492112,200309
20030707,100.26773903,100.28652808,100.16439929,100.18318833,  294543,  495167,200309
20030708,100.17379381,100.28652808,100.13621572,100.19258285,  464306,  555751,200309
20030709,100.23016094,100.27713356,100.17379381,100.20197738,  375931,  494596,200309
20030710,100.24894999,100.30531712,100.22076642,100.30531712,  375847,  504910,200309
20030711,100.28652808,100.29592260,100.23016094,100.26773903,  233808,  497101,200309
20030714,100.30531712,100.33350069,100.27713356,100.30531712,  188440,  486738,200309
20030715,100.26773903,100.26773903,99.97650884,99.98590336,  598356,  495430,200309
20030716,99.91074718,100.05166502,99.86377457,99.99529788,  747795,  512716,200309
20030717,100.03287597,100.05166502,99.88256361,100.00469240,  502267,  517831,200309
20030718,100.00469240,100.04227049,99.97650884,100.03287597,  280353,  514378,200309
20030721,99.99529788,100.01408693,99.90135266,99.93893075,  270465,  511783,200309
20030722,99.84498552,99.95771979,99.83559100,99.90135266,  374045,  505509,200309
20030723,99.94832527,100.07984858,99.92014170,100.07045406,  380012,  517946,200309
20030724,99.91074718,100.07045406,99.89195813,99.92953622,  396037,  509258,200309
20030725,99.94832527,100.05166502,99.92014170,100.01408693,  307190,  489683,200309
20030728,99.96711431,99.98590336,99.87316909,99.89195813,  394759,  489008,200309
20030729,99.85438004,99.99529788,99.84498552,99.88256361,  505619,  488865,200309
20030730,99.84498552,99.89195813,99.79801291,99.86377457,  471662,  504751,200309
20030731,99.88256361,99.92953622,99.61012246,99.61951698,  677058,  528096,200309
20030801,99.55375532,99.58193889,99.16857990,99.29070869, 1128229,  559192,200309
20030804,99.35647035,99.48799366,99.34707583,99.46920462,  433508,  532782,200309
20030805,99.51617723,99.52557175,99.45041557,99.46920462,  434876,  518652,200309
20030806,99.47859914,99.55375532,99.41283748,99.53496628,  387800,  504035,200309
20030807,99.56314984,99.63830602,99.53496628,99.61012246,  345758,  503135,200309
20030808,99.66648959,99.77922386,99.65709507,99.76043482,  288303,  499008,200309
20030811,99.68527864,99.71346221,99.57254437,99.60072793,  259172,  496233,200309
20030812,99.61012246,99.68527864,99.58193889,99.62891150,  309412,  483593,200309
20030813,99.61951698,99.65709507,99.50678271,99.52557175,  429584,  494756,200309
20030814,99.48799366,99.53496628,99.34707583,99.37525939,  598830,  527776,200309
20030815,99.43162653,99.57254437,99.43162653,99.56314984,  297100,  534221,200309
20030818,99.52557175,99.53496628,99.44102105,99.49738819,  269796,  537792,200309
20030819,99.48799366,99.53496628,99.36586487,99.53496628,  430895,  543128,200309
20030820,99.53496628,99.59133341,99.44102105,99.46920462,  401908,  557062,200309
20030821,99.45981010,99.48799366,99.38465392,99.38465392,  373981,  579757,200309
20030822,99.37525939,99.45041557,99.36586487,99.42223201,  258181,  580160,200309
20030825,99.41283748,99.42223201,99.40344296,99.44102105,  127421,  560667,200309
20030826,99.43162653,99.46920462,99.33768130,99.46920462,  399163,  551504,200309
20030827,99.46920462,99.51617723,99.42223201,99.44102105,  339656,  560256,200309
20030828,99.43162653,99.50678271,99.37525939,99.49738819,  413510,  545100,200309
20030829,99.49738819,99.53496628,99.45041557,99.52557175,  308607,  498858,200309
20030901,99.49738819,99.50678271,99.42223201,99.43162653,  190807,  471987,200309
20030902,99.39404844,99.39404844,99.22494703,99.22494703,  625726,  416266,200309
20030903,99.21555251,99.31889226,99.19676347,99.28131417,  591513,  301883,200309
20030904,99.28131417,99.42223201,99.28131417,99.41283748,  548098,  201447,200309
20030905,99.44960400,99.63834874,99.44016676,99.62891150,  566215,  446064,200312
20030908,99.66666045,99.76103282,99.64778598,99.72328387,  425708,  485794,200312
20030909,99.63834874,99.73272111,99.62891150,99.67609769,  414634,  528349,200312
20030910,99.74215835,99.78934453,99.70440940,99.77990729,  442236,  511439,200312
20030911,99.79878177,99.82709348,99.63834874,99.68553492,  509407,  532725,200312
20030912,99.68553492,99.94977756,99.65722321,99.92146585,  492759,  514286,200312
20030915,99.91202861,99.91202861,99.84596795,99.88371690,  295298,  524464,200312
20030916,99.89315414,99.90259138,99.84596795,99.85540519,  302267,  525600,200312
20030917,99.87427967,99.97808927,99.85540519,99.95921480,  513921,  515415,200312
20030918,99.95921480,100.00640098,99.89315414,99.93090309,  496647,  505448,200312
20030919,99.95921480,99.99696375,99.93090309,99.98752651,  281096,  505470,200312
20030922,99.97808927,100.15739678,99.95921480,100.13852230,  581368,  491352,200312
20030923,100.17627125,100.17627125,100.07246164,100.12908507,  405677,  514989,200312
20030924,100.10077335,100.22345744,100.07246164,100.21402020,  490148,  516436,200312
20030925,100.23289467,100.25176915,100.16683401,100.21402020,  507609,  512415,200312
20030926,100.20458296,100.31782981,100.19514572,100.28951810,  399800,  478786,200312
20030929,100.30839257,100.30839257,100.18570849,100.28951810,  442017,  520064,200312
20030930,100.29895533,100.44995113,100.29895533,100.38389047,  617207,  538040,200312
20031001,100.40276494,100.41220218,100.33670428,100.36501599,  449803,  531397,200312
20031002,100.36501599,100.36501599,100.11964783,100.15739678,  804649,  552299,200312
20031003,100.16683401,100.17627125,99.80821901,99.81765624,  736639,  535905,200312
20031006,99.81765624,100.00640098,99.80821901,99.97808927,  452361,  545025,200312
20031007,99.98752651,100.03471270,99.93090309,99.97808927,  624417,  529803,200312
20031008,99.96865204,100.04414993,99.88371690,100.00640098,  592732,  527162,200312
20031009,100.01583822,100.05358717,99.80821901,99.85540519,  690459,  544195,200312
20031010,99.86484243,99.97808927,99.79878177,99.94034032,  532441,  531749,200312
20031013,99.92146585,99.92146585,99.79878177,99.81765624,  399422,  568331,200312
20031014,99.76103282,99.87427967,99.70440940,99.83653072,  575315,  571413,200312
20031015,99.80821901,99.81765624,99.65722321,99.66666045,  592126,  561414,200312
20031016,99.67609769,99.79878177,99.58172532,99.61003703,  647801,  577328,200312
20031017,99.56285084,99.66666045,99.49679018,99.63834874,  703236,  601099,200312
20031020,99.56285084,99.68553492,99.55341361,99.65722321,  333799,  600701,200312
20031021,99.64778598,99.78934453,99.63834874,99.76103282,  512778,  560831,200312
20031022,99.77990729,99.80821901,99.61947427,99.79878177,  885520,  633406,200312
20031023,99.88371690,99.88371690,99.69497216,99.70440940,  505451,  569934,200312
20031024,99.75159558,99.81765624,99.68553492,99.80821901,  449802,  557622,200312
20031027,99.75159558,99.76103282,99.65722321,99.72328387,  322417,  546586,200312
20031028,99.67609769,99.70440940,99.61947427,99.64778598,  392656,  540056,200312
20031029,99.78934453,99.81765624,99.68553492,99.71384664,  518451,  579279,200312
20031030,99.66666045,99.72328387,99.59116255,99.60059979,  540214,  592646,200312
20031031,99.63834874,99.73272111,99.61947427,99.71384664,  359259,  573378,200312
20031103,99.68553492,99.70440940,99.55341361,99.58172532,  313646,  594768,200312
20031104,99.61003703,99.66666045,99.58172532,99.64778598,  318100,  598010,200312
20031105,99.62891150,99.63834874,99.57228808,99.62891150,  441021,  589470,200312
20031106,99.57228808,99.59116255,99.44960400,99.49679018,  621281,  591767,200312
20031107,99.48735295,99.52510189,99.37410610,99.44016676,  496602,  604515,200312
20031110,99.45904124,99.50622742,99.45904124,99.47791571,  192006,  609281,200312
20031111,99.48735295,99.53453913,99.48735295,99.49679018,  192800,  617085,200312
20031112,99.51566466,99.56285084,99.44960400,99.55341361,  352991,  604062,200312
20031113,99.54397637,99.66666045,99.51566466,99.65722321,  446375,  593777,200312
20031114,99.71384664,99.79878177,99.67609769,99.76103282,  473047,  584186,200312
20031117,99.84596795,99.88371690,99.79878177,99.81765624,  404406,  596122,200312
20031118,99.78934453,99.93090309,99.77047006,99.90259138,  492937,  597427,200312
20031119,99.98752651,100.01583822,99.80821901,99.85540519,  528830,  603950,200312
20031120,99.82709348,100.02527546,99.78934453,99.88371690,  600870,  571987,200312
20031121,99.93090309,99.95921480,99.87427967,99.94034032,  307913,  558848,200312
20031124,99.92146585,99.93090309,99.74215835,99.76103282,  427571,  537843,200312
20031125,99.74215835,99.77047006,99.66666045,99.73272111,  511293,  535241,200312
20031126,99.73272111,99.77047006,99.63834874,99.64778598,  456445,  527242,200312
20031127,99.64778598,99.64778598,99.53453913,99.54397637,  307626,  498474,200312
20031128,99.55341361,99.66666045,99.53453913,99.55341361,  369896,  489586,200312
20031201,99.51566466,99.57228808,99.47791571,99.51566466,  447836,  466040,200312
20031202,99.53453913,99.64778598,99.47791571,99.62891150,  574042,  401875,200312
20031203,99.64778598,99.70440940,99.60059979,99.61947427,  434624,  364177,200312
20031204,99.59116255,99.74215835,99.58172532,99.73272111,  551152,  225133,200312
20031205,99.77990729,99.91202861,99.69497216,99.89315414,  366314,  225133,200312
20031208,99.90274899,99.95960884,99.86484243,99.86484243,  316368,  518574,200403
20031209,99.87431907,99.94065556,99.81745922,99.91222563,  365315,  528546,200403
20031210,99.80798258,99.93117892,99.77007602,99.88379571,  470114,  537948,200403
20031211,99.88379571,99.91222563,99.81745922,99.90274899,  305980,  535224,200403
20031212,99.98803876,100.08280517,99.95960884,100.06385189,  369608,  534722,200403
20031215,99.95960884,100.15861830,99.94065556,100.13018838,  234814,  526511,200403
20031216,100.15861830,100.15861830,100.04489861,100.07332853,  304587,  515578,200403
20031217,100.11123509,100.19652486,100.08280517,100.18704822,  247875,  527944,200403
20031218,100.16809494,100.26286135,100.13966502,100.18704822,  361205,  532591,200403
20031219,100.21547814,100.22495478,100.08280517,100.14914166,  170091,  532710,200403
20031222,100.18704822,100.22495478,100.14914166,100.16809494,   85548,  527985,200403
20031223,100.18704822,100.22495478,100.15861830,100.19652486,   86165,  525535,200403
20031229,100.27233799,100.31024455,100.21547814,100.22495478,  101504,  534423,200403
20031230,100.20600150,100.22495478,100.13018838,100.21547814,  114681,  560127,200403
20040102,100.19652486,100.33867448,100.11123509,100.15861830,  134882,  539806,200403
20040105,100.18704822,100.23443143,100.14914166,100.22495478,  300613,  533078,200403
20040106,100.26286135,100.38605768,100.24390807,100.37658104,  487803,  577331,200403
20040107,100.34815112,100.43344089,100.27233799,100.40501096,  538779,  569903,200403
20040108,100.39553432,100.47134745,100.32919784,100.43344089,  491175,  578886,200403
20040109,100.41448760,100.64192699,100.39553432,100.63245035,  621961,  611868,200403
20040112,100.65140363,100.67983355,100.56611386,100.64192699,  521681,  611095,200403
20040113,100.61349706,100.62297371,100.56611386,100.60402042,  634086,  641610,200403
20040114,100.64192699,100.64192699,100.49030073,100.57559050,  778715,  641868,200403
20040115,100.55663722,100.60402042,100.50925401,100.53768394,  562797,  632107,200403
20040116,100.54716058,100.73669340,100.51873065,100.54716058, 1129951,  635768,200403
20040119,100.51873065,100.58506714,100.49977737,100.52820730,  231234,  632322,200403
20040120,100.50925401,100.67035691,100.50925401,100.65140363,  480841,  633595,200403
20040121,100.65140363,100.70826347,100.59454378,100.64192699,  555614,  644560,200403
20040122,100.67035691,100.69878683,100.61349706,100.68931019,  436654,  677549,200403
20040123,100.69878683,100.78407660,100.67035691,100.68931019,  444415,  659365,200403
20040126,100.66088027,100.69878683,100.59454378,100.62297371,  433199,  655567,200403
20040127,100.59454378,100.67983355,100.55663722,100.65140363,  479604,  648564,200403
20040128,100.65140363,100.70826347,100.61349706,100.68931019,  459936,  672250,200403
20040129,100.49977737,100.51873065,100.35762776,100.38605768,  963037,  679828,200403
20040130,100.43344089,100.47134745,100.38605768,100.43344089,  479515,  665029,200403
20040202,100.45239417,100.49977737,100.43344089,100.48082409,  290561,  663504,200403
20040203,100.51873065,100.61349706,100.49977737,100.61349706,  523028,  683537,200403
20040204,100.62297371,100.64192699,100.57559050,100.61349706,  434689,  690152,200403
20040205,100.60402042,100.66088027,100.56611386,100.63245035,  509221,  724075,200403
20040206,100.58506714,100.74617004,100.53768394,100.74617004,  723991,  739571,200403
20040209,100.75564668,100.76512332,100.68931019,100.71774011,  387217,  722425,200403
20040210,100.74617004,100.78407660,100.68931019,100.68931019,  361263,  714910,200403
20040211,100.67983355,100.83145981,100.62297371,100.81250652,  577953,  723582,200403
20040212,100.81250652,100.81250652,100.77459996,100.80302988,  450038,  734705,200403
20040213,100.78407660,100.90727293,100.77459996,100.81250652,  599327,  716861,200403
20040216,100.82198317,100.83145981,100.77459996,100.80302988,  157842,  724953,200403
20040217,100.79355324,100.89779629,100.78407660,100.87884301,  416062,  739870,200403
20040218,100.90727293,100.94517950,100.85041309,100.85988973,  396809,  741844,200403
20040219,100.82198317,100.85988973,100.78407660,100.85041309,  486913,  747656,200403
20040220,100.85041309,100.85041309,100.72721676,100.72721676,  534308,  746578,200403
20040223,100.68931019,100.81250652,100.67983355,100.80302988,  439131,  727872,200403
20040224,100.81250652,100.92622622,100.79355324,100.91674957,  533387,  740699,200403
20040225,100.89779629,101.02099263,100.88831965,101.02099263,  609548,  717614,200403
20040226,101.01151598,101.02099263,100.88831965,100.97360942,  617747,  647998,200403
20040227,100.97360942,101.05889919,100.96413278,101.03994591,  567139,  613030,200403
20040301,101.05889919,101.05889919,100.94517950,100.99256270,  557062,  572187,200403
20040302,100.97360942,100.98308606,100.84093645,100.85041309,  637974,  455502,200403
20040303,100.83145981,100.85988973,100.76512332,100.81250652,  805038,  391891,200403
20040304,100.83145981,100.92622622,100.74617004,100.87884301,  720475,  287246,200403
20040305,100.90633800,101.24861899,100.87781459,101.19157216, 1054110,  735928,200406
20040308,101.18206436,101.26763461,101.16304875,101.24861899,  450140,  744899,200406
20040309,101.24861899,101.29615802,101.17255655,101.21058777,  439504,  745508,200406
20040310,101.19157216,101.21058777,101.13452533,101.18206436,  515053,  731067,200406
20040311,101.15354094,101.32468144,101.14403314,101.19157216,  649288,  731241,200406
20040312,101.27714241,101.29615802,101.20107997,101.21058777,  399071,  720007,200406
20040315,101.21058777,101.21058777,101.21058777,101.23911119,  310093,  722352,200406
20040316,101.22960338,101.27714241,101.16304875,101.20107997,  439879,  728432,200406
20040317,101.32468144,101.37222046,101.25812680,101.29615802,  542458,  754578,200406
20040318,101.30566583,101.38172827,101.26763461,101.34369705,  536076,  773703,200406
20040319,101.31517363,101.36271266,101.30566583,101.34369705,  196494,  776237,200406
20040322,101.35320485,101.41025169,101.33418924,101.37222046,  203882,  769404,200406
20040323,101.40074388,101.40074388,101.30566583,101.33418924,  395555,  765794,200406
20040324,101.36271266,101.46729852,101.35320485,101.45779071,  700521,  786541,200406
20040325,101.44828291,101.52434535,101.42926730,101.49582193,  402242,  767264,200406
20040326,101.47680632,101.54336096,101.43877510,101.45779071,  431365,  763030,200406
20040329,101.42926730,101.46729852,101.29615802,101.34369705,  524449,  760784,200406
20040330,101.35320485,101.41025169,101.35320485,101.38172827,  393740,  764218,200406
20040331,101.36271266,101.40074388,101.29615802,101.40074388,  506046,  729485,200406
20040401,101.41025169,101.42926730,101.17255655,101.26763461,  928831,  737271,200406
20040402,101.23911119,101.25812680,100.67815067,100.88732239,  683057,  696890,200406
20040405,100.85879898,101.01092386,100.85879898,100.95387703,  559994,  707990,200406
20040406,100.97289264,101.06797069,100.96338483,101.06797069,  407198,  675940,200406
20040407,101.07747850,101.14403314,101.06797069,101.13452533,  375455,  798902,200406
20040408,101.10600191,101.13452533,101.04895508,101.10600191,  316282,  875419,200406
20040413,101.06797069,101.07747850,100.91584581,100.94436922,  533332,  749005,200406
20040414,100.90633800,100.96338483,100.83027556,100.89683020,  559028,  707848,200406
20040415,100.91584581,100.93486142,100.83978337,100.90633800,  380740,  701104,200406
20040416,100.92535361,100.99190825,100.90633800,100.96338483,  319743,  674854,200406
20040419,100.97289264,101.01092386,100.95387703,100.95387703,  251945,  660374,200406
20040420,100.93486142,100.95387703,100.87781459,100.93486142,  395720,  653713,200406
20040421,100.82076775,100.91584581,100.79224434,100.86830678,  569521,  664480,200406
20040422,100.87781459,100.93486142,100.86830678,100.92535361,  365346,  667289,200406
20040423,100.94436922,100.98240045,100.82076775,100.83027556,  505056,  671360,200406
20040426,100.81125995,100.83978337,100.78273653,100.81125995,  371298,  686994,200406
20040427,100.81125995,100.83978337,100.76372092,100.80175214,  438488,  680670,200406
20040428,100.82076775,100.83978337,100.77322873,100.77322873,  367117,  666476,200406
20040429,100.72568970,100.85879898,100.69716629,100.77322873,  689824,  670701,200406
20040430,100.75421312,100.87781459,100.75421312,100.87781459,  383402,  662968,200406
20040503,100.81125995,100.89683020,100.81125995,100.88732239,  116611,  666380,200406
20040504,100.88732239,100.89683020,100.83978337,100.85879898,  263726,  654268,200406
20040505,100.83027556,100.96338483,100.83027556,100.87781459,  451582,  667232,200406
20040506,100.86830678,100.89683020,100.74470531,100.75421312,  597739,  653759,200406
20040507,100.75421312,100.86830678,100.54504140,100.56405701,  771036,  718816,200406
20040510,100.55454921,100.64011945,100.55454921,100.62110384,  388452,  702245,200406
20040511,100.60208823,100.64011945,100.58307262,100.63061165,  324420,  706996,200406
20040512,100.64011945,100.66864287,100.56405701,100.60208823,  421465,  696430,200406
20040513,100.56405701,100.59258043,100.50701018,100.54504140,  510417,  682497,200406
20040514,100.52602579,100.65913506,100.49750237,100.64011945,  696707,  671186,200406
20040517,100.66864287,100.74470531,100.66864287,100.70667409,  367644,  663525,200406
20040518,100.69716629,100.73519751,100.65913506,100.68765848,  373465,  649838,200406
20040519,100.66864287,100.66864287,100.57356482,100.60208823,  436522,  637999,200406
20040520,100.62110384,100.67815067,100.59258043,100.65913506,  240107,  639035,200406
20040521,100.67815067,100.74470531,100.64011945,100.64011945,  370188,  648127,200406
20040524,100.61159604,100.66864287,100.59258043,100.66864287,  262513,  645103,200406
20040525,100.66864287,100.72568970,100.65913506,100.68765848,  347413,  599680,200406
20040526,100.68765848,100.74470531,100.65913506,100.73519751,  407278,  577515,200406
20040527,100.74470531,100.85879898,100.74470531,100.84929117,  514253,  560910,200406
20040528,100.83978337,100.84929117,100.70667409,100.72568970,  586962,  541307,200406
20040531,100.74470531,100.75421312,100.60208823,100.62110384,  143417,  540018,200406
20040601,100.64962726,100.70667409,100.64011945,100.64962726,  415741,  513165,200406
20040602,100.67815067,100.69716629,100.61159604,100.64011945,  337821,  462232,200406
20040603,100.62110384,100.64962726,100.56405701,100.63061165,  680188,  391216,200406
20040604,100.63061165,100.66864287,100.47848676,100.58307262,  780087,  287231,200406
20040607,100.56405701,100.62110384,100.53553359,100.60208823,  376730,  287231,200406
20040608,100.56401377,100.60213147,100.52589608,100.58307262,  490255,  577374,200409
20040609,100.59260205,100.60689618,100.49254309,100.50207252,  468686,  617275,200409
20040610,100.50683723,100.51160194,100.37819000,100.44013126,  767645,  728719,200409
20040611,100.41154299,100.41154299,100.27813105,100.28766047,  469673,  738424,200409
20040614,100.25430749,100.32101346,100.21618979,100.30671932,  508320,  714571,200409
20040615,100.25430749,100.54495492,100.23524864,100.53542550,  789641,  706248,200409
20040616,100.51636665,100.53542550,100.35913115,100.40201356,  557463,  703096,200409
20040617,100.37819000,100.39248414,100.27813105,100.35913115,  650289,  728580,200409
20040618,100.41630770,100.47824895,100.36389586,100.45919011,  427960,  704953,200409
20040621,100.43536655,100.48777838,100.38295471,100.47824895,  312206,  709313,200409
20040622,100.46871953,100.47824895,100.41630770,100.43536655,  361690,  715682,200409
20040623,100.41630770,100.49254309,100.41154299,100.49254309,  567049,  753229,200409
20040624,100.47348424,100.63548445,100.47348424,100.60689618,  685801,  687596,200409
20040625,100.60689618,100.66407273,100.56877848,100.59736676,  433293,  681180,200409
20040628,100.63071974,100.63071974,100.47348424,100.49254309,  512144,  682053,200409
20040629,100.46871953,100.51160194,100.43536655,100.50683723,  425085,  678341,200409
20040630,100.51636665,100.62119032,100.50207252,100.62119032,  436128,  654413,200409
20040701,100.68789629,100.69266100,100.59260205,100.66407273,  628015,  656775,200409
20040702,100.68789629,100.83083765,100.64501388,100.78795524,  703600,  703688,200409
20040705,100.81654351,100.81654351,100.77842582,100.80224938,  142215,  684156,200409
20040706,100.81654351,100.84036708,100.76413168,100.79271995,  368127,  666433,200409
20040707,100.79271995,100.87848477,100.76889639,100.86419064,  398592,  659093,200409
20040708,100.85942592,100.87848477,100.79271995,100.85942592,  537991,  658644,200409
20040709,100.85466121,100.88324948,100.82607294,100.86419064,  238128,  679985,200409
20040712,100.88324948,100.88324948,100.84036708,100.87848477,  193349,  659805,200409
20040713,100.86419064,100.86419064,100.74983755,100.76889639,  569747,  657744,200409
20040714,100.78795524,100.83083765,100.77366111,100.79271995,  355988,  711244,200409
20040715,100.78319053,100.82130823,100.76413168,100.78795524,  316609,  714133,200409
20040716,100.77366111,100.94995545,100.77366111,100.93566132,  460019,  733864,200409
20040719,100.95472017,100.95472017,100.91183776,100.94519074,  252779,  736162,200409
20040720,100.94995545,100.95472017,100.88324948,100.91660247,  327281,  703645,200409
20040721,100.79271995,100.82607294,100.71171985,100.73554341,  614696,  704994,200409
20040722,100.76889639,100.83083765,100.74507283,100.82130823,  413807,  714516,200409
20040723,100.81654351,100.82130823,100.75460226,100.78319053,  265050,  699602,200409
20040726,100.78795524,100.78795524,100.70695514,100.71171985,  244589,  702360,200409
20040727,100.69742571,100.72601398,100.65930802,100.66883744,  426106,  712569,200409
20040728,100.63071974,100.71171985,100.63071974,100.70695514,  447725,  723942,200409
20040729,100.70695514,100.74983755,100.67360215,100.74507283,  377251,  719427,200409
20040730,100.73554341,100.86895535,100.72601398,100.86419064,  504189,  728151,200409
20040802,100.91183776,100.95472017,100.87848477,100.90230833,  440832,  754164,200409
20040803,100.89754362,100.93566132,100.84513179,100.93566132,  385707,  747224,200409
20040804,100.94995545,100.99283786,100.89277891,100.98330844,  502433,  763316,200409
20040805,100.96424959,101.04048498,100.94042603,101.03095556,  425768,  760010,200409
20040806,101.05001441,101.34542656,101.00713200,101.19295577,  658378,  822322,200409
20040809,101.20248520,101.20248520,101.14530865,101.17389692,  242464,  816013,200409
20040810,101.16436750,101.19772048,101.14530865,101.16913221,  247641,  820783,200409
20040811,101.12148509,101.14530865,101.09766153,101.13101451,  321998,  811921,200409
20040812,101.15960279,101.20248520,101.13101451,101.18819106,  304671,  821458,200409
20040813,101.21201462,101.26919117,101.19295577,101.24536760,  363748,  845709,200409
20040816,101.26442645,101.26442645,101.14530865,101.16913221,  344019,  835268,200409
20040817,101.18819106,101.22154404,101.15960279,101.20724991,  380205,  825896,200409
20040818,101.23583818,101.26919117,101.17389692,101.19772048,  373994,  842483,200409
20040819,101.20248520,101.22154404,101.16913221,101.21201462,  271801,  857525,200409
20040820,101.21201462,101.25489703,101.20724991,101.25013232,  219930,  845949,200409
20040823,101.23107347,101.23107347,101.10719095,101.13577923,  316967,  824680,200409
20040824,101.12624980,101.13577923,101.08813210,101.11195567,  313422,  803064,200409
20040825,101.13101451,101.19295577,101.10719095,101.18342635,  359254,  780775,200409
20040826,101.16436750,101.22154404,101.14530865,101.22154404,  317078,  760235,200409
20040827,101.23107347,101.25966174,101.19295577,101.22154404,  306021,  765827,200409
20040830,101.20724991,101.22630876,101.17389692,101.19772048,  139106,  741241,200409
20040831,101.22154404,101.29777944,101.18819106,101.28825001,  401534,  682970,200409
20040901,101.27395588,101.30254415,101.24060289,101.25489703,  356173,  617542,200409
20040902,101.25489703,101.26919117,101.12148509,101.14530865,  544058,  507597,200409
20040903,101.12148509,101.15007336,100.77366111,100.95948488,  689149,  432523,200409
20040906,100.92613189,100.99283786,100.92613189,100.95948488,  329559,  322605,200409
20040907,100.93566132,100.99283786,100.85942592,100.87848477,  514536,  322605,200409
20040908,100.81646592,100.85943562,100.73052652,100.85466121,  525863,  608248,200412
20040909,100.88808209,100.96924708,100.85466121,100.92150297,  559549,  605101,200412
20040910,100.93582620,101.03131442,100.91672856,100.97879590,  447021,  625329,200412
20040913,100.93105179,100.94537502,100.86898444,100.91672856,  311378,  627696,200412
20040914,100.91672856,101.01699119,100.90717973,100.96924708,  525619,  634608,200412
20040915,100.96924708,100.99789355,100.91195415,100.93105179,  406079,  637260,200412
20040916,100.92150297,100.98357031,100.87375886,100.97879590,  443057,  670188,200412
20040917,100.99311913,101.06473530,100.97879590,101.00266796,  423758,  676657,200412
20040920,100.98834472,101.03131442,100.96447267,101.01699119,  251985,  675401,200412
20040921,101.02176560,101.03131442,100.95492385,100.99789355,  394939,  686271,200412
20040922,101.02176560,101.06950971,100.98357031,101.06473530,  616565,  708628,200412
20040923,101.07905854,101.17454676,101.05518648,101.15067470,  694134,  677479,200412
20040924,101.09338177,101.12202824,101.03608884,101.07428412,  511261,  661344,200412
20040927,101.07428412,101.14112588,101.04086325,101.10770500,  322174,  649740,200412
20040928,101.13635147,101.15544911,101.05518648,101.08383295,  422445,  661317,200412
20040929,101.08383295,101.08860736,100.99789355,101.05518648,  487002,  645167,200412
20040930,101.04086325,101.13635147,101.02176560,101.13635147,  637484,  624638,200412
20041001,101.14112588,101.14590029,101.07428412,101.11247941,  409454,  629887,200412
20041004,101.08383295,101.09338177,101.02654001,101.04563766,  389630,  622280,200412
20041005,101.04086325,101.11725382,101.04086325,101.11247941,  362998,  626311,200412
20041006,101.10770500,101.12680265,101.08383295,101.11247941,  330795,  655798,200412
20041007,101.08860736,101.12202824,101.04563766,101.09338177,  484793,  662208,200412
20041008,101.11247941,101.36074879,101.11247941,101.27003498,  631011,  711761,200412
20041011,101.29390704,101.29868145,101.24616293,101.26048616,  197390,  714716,200412
20041012,101.28435822,101.35119997,101.27003498,101.32732792,  379461,  725955,200412
20041013,101.29868145,101.34165115,101.26526057,101.33687674,  463988,  755422,200412
20041014,101.36552320,101.39416967,101.34165115,101.39416967,  440425,  731068,200412
20041015,101.39416967,101.46578584,101.35597438,101.37507203,  623736,  744168,200412
20041018,101.41326732,101.44668819,101.39894408,101.42759055,  314160,  754871,200412
20041019,101.42759055,101.43236496,101.37029762,101.43236496,  442045,  745797,200412
20041020,101.45146261,101.51352995,101.44668819,101.48488348,  418279,  752760,200412
20041021,101.50398113,101.51352995,101.44191378,101.46101143,  463200,  766191,200412
20041022,101.44191378,101.47056025,101.41326732,101.45146261,  275655,  765833,200412
20041025,101.50398113,101.53740201,101.49920672,101.52785318,  322008,  758742,200412
20041026,101.50398113,101.54217642,101.49920672,101.50398113,  334246,  778665,200412
20041027,101.48965789,101.53262760,101.41804173,101.42281614,  391496,  770308,200412
20041028,101.41326732,101.46578584,101.33210233,101.44191378,  667306,  763240,200412
20041029,101.42759055,101.46101143,101.38939526,101.45623702,  398386,  758088,200412
20041101,101.46101143,101.49920672,101.44191378,101.45623702,  218987,  776676,200412
20041102,101.46578584,101.46578584,101.36552320,101.38462085,  363634,  754747,200412
20041103,101.36074879,101.43236496,101.32255350,101.42759055,  489646,  762886,200412
20041104,101.43713937,101.50875554,101.41804173,101.48488348,  529296,  795692,200412
20041105,101.46578584,101.47533466,101.27480939,101.29390704,  698902,  840726,200412
20041108,101.29390704,101.32732792,101.25571175,101.31300468,  390243,  828817,200412
20041109,101.30823027,101.43236496,101.30345586,101.42759055,  444542,  796376,200412
20041110,101.40849291,101.45623702,101.36552320,101.39894408,  504260,  759166,200412
20041111,101.40371849,101.54695083,101.39416967,101.50398113,  363297,  782104,200412
20041112,101.49443231,101.59469494,101.48488348,101.58514612,  457410,  802360,200412
20041115,101.56604847,101.60424376,101.48488348,101.49443231,  489263,  827918,200412
20041116,101.49443231,101.55649965,101.46578584,101.47533466,  588558,  803612,200412
20041117,101.47533466,101.54217642,101.43713937,101.49920672,  672851,  794165,200412
20041118,101.51830436,101.54217642,101.37029762,101.40849291,  673627,  772731,200412
20041119,101.42759055,101.52307877,101.39894408,101.43713937,  567661,  770983,200412
20041122,101.44191378,101.51352995,101.44191378,101.49920672,  293622,  779722,200412
20041123,101.46578584,101.55172524,101.45623702,101.55172524,  440264,  759694,200412
20041124,101.53262760,101.58992053,101.53262760,101.58037171,  480858,  761616,200412
20041125,101.58037171,101.65676229,101.57082288,101.64721346,  310590,  766378,200412
20041126,101.65676229,101.66631111,101.57559730,101.65198787,  413546,  757832,200412
20041129,101.63289023,101.63766464,101.51830436,101.56127406,  418986,  727834,200412
20041130,101.57082288,101.63289023,101.53262760,101.61379258,  479299,  719427,200412
20041201,101.65676229,101.67585993,101.62334141,101.67585993,  497957,  684362,200412
20041202,101.68063434,101.70450640,101.46578584,101.53740201,  808006,  608175,200412
20041203,101.51830436,101.69495757,101.46101143,101.69495757,  758960,  487749,200412
20041206,101.66153670,101.73315286,101.66153670,101.72360404,  474001,  299034,200412
20041207,101.72837845,101.75702492,101.69973199,101.73315286,  418971,  299034,200412
20041208,101.66151112,101.69018316,101.55160162,101.69018316,  592238,  723869,200503
20041209,101.68540449,101.69974051,101.60416703,101.63761775,  495870,  770723,200503
20041210,101.59460968,101.65195377,101.56115896,101.63283908,  404128,  738773,200503
20041213,101.64239642,101.66628979,101.61372438,101.65673245,  227711,  737260,200503
20041214,101.64717510,101.65195377,101.60416703,101.62328173,  315131,  718376,200503
20041215,101.66151112,101.68540449,101.62806040,101.67106847,  361056,  724355,200503
20041216,101.66151112,101.67106847,101.53248692,101.54204427,  460068,  729022,200503
20041217,101.54204427,101.56115896,101.39868405,101.47514283,  447374,  690410,200503
20041220,101.46080681,101.55160162,101.46080681,101.54682294,  205905,  674284,200503
20041221,101.52770825,101.54682294,101.38434803,101.39390537,  340647,  662297,200503
20041222,101.39868405,101.41302007,101.34133996,101.35089731,  268123,  655794,200503
20041223,101.35089731,101.46080681,101.35089731,101.44169211,  203363,  684187,200503
20041227,101.41302007,101.47992151,101.40824140,101.42257742,   84407,  678314,200503
20041228,101.41779874,101.45602814,101.10718493,101.23620913,  195677,  672549,200503
20041229,101.23143046,101.32222526,101.22187311,101.22665178,  272381,  668547,200503
20041230,101.21709444,101.35567598,101.21709444,101.34611863,  185559,  680680,200503
20050103,101.29833189,101.37956935,101.29833189,101.37001200,  222432,  656491,200503
20050104,101.33656129,101.37001200,101.30788924,101.32222526,  431281,  659684,200503
20050105,101.26488118,101.36045466,101.23143046,101.35567598,  525058,  681362,200503
20050106,101.33178261,101.45124946,101.28877455,101.41779874,  545532,  649007,200503
20050107,101.41779874,101.58505233,101.36523333,101.40824140,  632770,  675089,200503
20050110,101.40346272,101.47992151,101.37956935,101.43213477,  364311,  666742,200503
20050111,101.45124946,101.48947885,101.42257742,101.45124946,  515293,  672746,200503
20050112,101.45124946,101.46080681,101.38434803,101.44169211,  543692,  660917,200503
20050113,101.45124946,101.56593764,101.38434803,101.54682294,  867606,  661403,200503
20050114,101.52292957,101.55638029,101.48947885,101.53726559,  553131,  673746,200503
20050117,101.54682294,101.56593764,101.52292957,101.52770825,  255021,  690056,200503
20050118,101.51815090,101.53726559,101.48470018,101.51815090,  532071,  702612,200503
20050119,101.54682294,101.57071631,101.51815090,101.54204427,  612871,  718413,200503
20050120,101.56115896,101.56593764,101.43691344,101.50381488,  760716,  727005,200503
20050121,101.50381488,101.54204427,101.47514283,101.53726559,  525336,  728302,200503
20050124,101.55160162,101.58027366,101.54204427,101.56115896,  363057,  725851,200503
20050125,101.56593764,101.60416703,101.53248692,101.54682294,  541357,  719794,200503
20050126,101.54204427,101.55160162,101.49903620,101.52292957,  481048,  742202,200503
20050127,101.50381488,101.51337222,101.43213477,101.46080681,  685188,  727201,200503
20050128,101.47036416,101.57071631,101.46558548,101.56593764,  573863,  749834,200503
20050131,101.54682294,101.56115896,101.51815090,101.53726559,  422178,  739898,200503
20050201,101.55160162,101.56115896,101.51815090,101.54682294,  432498,  747390,200503
20050202,101.54204427,101.55638029,101.49903620,101.50381488,  264910,  727773,200503
20050203,101.49903620,101.49903620,101.43691344,101.47992151,  743114,  763700,200503
20050204,101.47992151,101.56115896,101.46080681,101.54204427,  557817,  771893,200503
20050207,101.49903620,101.51815090,101.47992151,101.49903620,  410387,  776087,200503
20050208,101.48947885,101.50859355,101.43691344,101.50859355,  516262,  786614,200503
20050209,101.48947885,101.55638029,101.47992151,101.54682294,  677686,  746993,200503
20050210,101.57071631,101.60416703,101.56115896,101.58983101,  530634,  771342,200503
20050211,101.59460968,101.59938836,101.57071631,101.57071631,  468517,  794218,200503
20050214,101.56115896,101.57071631,101.53726559,101.57071631,  303574,  798905,200503
20050215,101.56115896,101.56593764,101.48470018,101.49425753,  516507,  765465,200503
20050216,101.48947885,101.56593764,101.47514283,101.47992151,  618638,  769639,200503
20050217,101.48947885,101.49903620,101.44647079,101.47036416,  640478,  748734,200503
20050218,101.46080681,101.49425753,101.36523333,101.37001200,  974532,  801850,200503
20050221,101.35567598,101.41302007,101.35567598,101.37479068,  359260,  802357,200503
20050222,101.38912670,101.43691344,101.38912670,101.41779874,  669538,  770697,200503
20050223,101.40346272,101.48470018,101.38434803,101.40346272,  740226,  782499,200503
20050224,101.39390537,101.44169211,101.37001200,101.39390537,  684504,  794195,200503
20050225,101.37479068,101.40824140,101.37001200,101.40346272,  552828,  757499,200503
20050228,101.38912670,101.44169211,101.37956935,101.39390537,  522539,  716883,200503
20050301,101.38434803,101.43213477,101.37956935,101.42257742,  570906,  642814,200503
20050302,101.41779874,101.44169211,101.37956935,101.40346272,  602953,  597153,200503
20050303,101.40346272,101.46080681,101.40346272,101.45124946,  663421,  517810,200503
20050304,101.44169211,101.53726559,101.44169211,101.52292957,  840014,  378429,200503
20050307,101.51337222,101.60416703,101.51337222,101.59938836,  612294,  378429,200503
20050308,101.57552471,101.59466914,101.54202197,101.55638029,  575484,  825543,200506
20050309,101.57073861,101.58988303,101.48458870,101.50373313,  605594,  827981,200506
20050310,101.47023039,101.51809144,101.45108596,101.49416091,  525081,  806383,200506
20050311,101.48458870,101.53723587,101.48458870,101.52766366,  480783,  840215,200506
20050314,101.51330534,101.51809144,101.46544428,101.47501649,  385200,  818979,200506
20050315,101.48937481,101.54680808,101.48458870,101.53244976,  574853,  852290,200506
20050316,101.52287755,101.53244976,101.32664721,101.48458870, 1209856,  909618,200506
20050317,101.46544428,101.49894702,101.42236933,101.45108596,  579234,  849005,200506
20050318,101.44629986,101.45587207,101.39843880,101.42715543,  412008,  838900,200506
20050321,101.40801101,101.40801101,101.31707500,101.32664721,  494430,  826921,200506
20050322,101.31707500,101.39843880,101.31228889,101.39365269,  477517,  841721,200506
20050323,101.27400004,101.33621942,101.24528341,101.31228889,  777593,  860179,200506
20050324,101.32664721,101.35057774,101.30750279,101.32186110,  440395,  846866,200506
20050329,101.28357226,101.34579163,101.27878615,101.34100553,  281131,  815211,200506
20050330,101.33621942,101.43672764,101.32664721,101.42715543,  433130,  819153,200506
20050331,101.44629986,101.53244976,101.43194154,101.52766366,  592042,  861148,200506
20050401,101.54680808,101.67603294,101.52287755,101.57073861,  779553,  920992,200506
20050404,101.60902746,101.61381356,101.55159418,101.60424135,  373163,  929936,200506
20050405,101.59466914,101.59466914,101.53723587,101.58509693,  394233,  943453,200506
20050406,101.59466914,101.62338577,101.57552471,101.62338577,  424663,  966770,200506
20050407,101.63295798,101.69996347,101.59945524,101.68560515,  751035,  992134,200506
20050408,101.66167462,101.70953568,101.64731630,101.70953568,  410956, 1026057,200506
20050411,101.69517736,101.73825231,101.69517736,101.71910789,  314013, 1027139,200506
20050412,101.72389400,101.72868010,101.68081904,101.71432178,  410444, 1024547,200506
20050413,101.75261063,101.75261063,101.71432178,101.73825231,  521173, 1089265,200506
20050414,101.73825231,101.75739674,101.71910789,101.75739674,  382768, 1070334,200506
20050415,101.79089948,101.84833275,101.77654116,101.84354664,  736184, 1061547,200506
20050418,101.87704938,101.91533823,101.85311885,101.86747717,  554867, 1045076,200506
20050419,101.84354664,101.91533823,101.81961611,101.91055212,  584116, 1065264,200506
20050420,101.89140770,101.92491044,101.83397443,101.91533823,  622710, 1065948,200506
20050421,101.92969655,101.93448265,101.83876054,101.86269107,  545683, 1075840,200506
20050422,101.85311885,101.91533823,101.84833275,101.90576602,  258472, 1085127,200506
20050425,101.91533823,101.93448265,101.89619381,101.91055212,  295460, 1066136,200506
20050426,101.92491044,101.93926876,101.89619381,101.90097991,  423335, 1073575,200506
20050427,101.90097991,101.97277150,101.88662160,101.95841318,  552661, 1069739,200506
20050428,101.96319929,102.05413530,101.94884097,102.02063256,  405987, 1059930,200506
20050429,102.03499088,102.04456309,101.96798540,102.02063256,  483846, 1078588,200506
20050502,102.02063256,102.03499088,101.99191592,102.03020477,  144854, 1084001,200506
20050503,102.03499088,102.08763804,102.01106035,102.07327972,  398674, 1091470,200506
20050504,102.08763804,102.10199636,102.00148814,102.04456309,  618412, 1147123,200506
20050505,102.05413530,102.11635468,102.04456309,102.11635468,  196564, 1127072,200506
20050506,102.08763804,102.09242415,101.97277150,101.98712982,  488879, 1127661,200506
20050509,101.98234371,102.03020477,101.96319929,102.02063256,  239945, 1116306,200506
20050510,102.02541867,102.10678247,102.01584645,102.08763804,  460021, 1121429,200506
20050511,102.09721025,102.13549910,102.06849362,102.11635468,  646544, 1103674,200506
20050512,102.08285194,102.09242415,102.05413530,102.06849362,  489908, 1085625,200506
20050513,102.10199636,102.10199636,102.00627424,102.05892141,  540541, 1054887,200506
20050516,102.04934919,102.07806583,102.02063256,102.06849362,  260513, 1063094,200506
20050517,102.04934919,102.08763804,102.03977698,102.08285194,  277594, 1068525,200506
20050518,102.05892141,102.09242415,102.05413530,102.08285194,  341906, 1065930,200506
20050519,102.07806583,102.08285194,102.03977698,102.04456309,  364133, 1075345,200506
20050520,102.03499088,102.03977698,101.98712982,101.99191592,  430368, 1033692,200506
20050523,101.98234371,102.03499088,101.93926876,102.03020477,  377708,  993977,200506
20050524,102.04934919,102.12592689,102.03977698,102.10199636,  489929,  980411,200506
20050525,102.11635468,102.17857405,102.11156857,102.15942963,  642099,  930006,200506
20050526,102.15942963,102.18814626,102.10678247,102.15942963,  542125,  907639,200506
20050527,102.14985742,102.20729069,102.14985742,102.17857405,  380379,  879845,200506
20050530,102.14985742,102.18336016,102.14507131,102.16421574,  138345,  877423,200506
20050531,102.16421574,102.25993785,102.10678247,102.25993785,  575097,  906955,200506
20050601,102.23600732,102.36523218,102.23122122,102.31737112,  806172,  768925,200506
20050602,102.30779891,102.36044608,102.27429617,102.30779891,  732545,  690923,200506
20050603,102.28865449,102.41309324,102.25993785,102.27908228,  758372,  576036,200506
20050606,102.26472396,102.36044608,102.26472396,102.34608776,  662308,  389801,200506
20050607,102.35565997,102.44180988,102.34608776,102.43223766,  613137,  389801,200506
20050608,102.43216512,102.49448928,102.43216512,102.47531262,  578372,  832856,200509
20050609,102.47051845,102.47531262,102.38422345,102.44654762,  626751,  822560,200509
20050610,102.45613595,102.47531262,102.35545845,102.38901762,  485667,  826023,200509
20050613,102.38422345,102.48969512,102.34107595,102.39860595,  688792,  836499,200509
20050614,102.39860595,102.41298845,102.33628178,102.36504678,  585890,  818390,200509
20050615,102.36504678,102.36984095,102.20204512,102.20204512,  913136,  852919,200509
20050616,102.22601595,102.23081012,102.13013262,102.21163345,  804934,  816359,200509
20050617,102.22601595,102.26436928,102.18766262,102.21642762,  517938,  831094,200509
20050620,102.22122178,102.34107595,102.20204512,102.32669345,  589476,  872130,200509
20050621,102.32189928,102.46093012,102.30272262,102.46093012,  850465,  885776,200509
20050622,102.43695928,102.58557845,102.42257678,102.53763678,  822121,  910444,200509
20050623,102.55201928,102.55681345,102.48490095,102.48969512,  602917,  905627,200509
20050624,102.51366595,102.55681345,102.48010678,102.49928345,  636287,  900232,200509
20050627,102.50407762,102.56640178,102.47051845,102.54243095,  440268,  904390,200509
20050628,102.53763678,102.54243095,102.45613595,102.48010678,  582033,  911079,200509
20050629,102.48010678,102.53763678,102.42737095,102.46572428,  667330,  937446,200509
20050630,102.45613595,102.53763678,102.43695928,102.53763678,  481060,  916365,200509
20050701,102.53284262,102.53284262,102.42737095,102.44175345,  496504,  925168,200509
20050704,102.38901762,102.40340012,102.30751678,102.36504678,  386081,  899655,200509
20050705,102.36984095,102.36984095,102.20683928,102.24998678,  714688,  884014,200509
20050706,102.26916345,102.28834012,102.23081012,102.24998678,  438959,  878167,200509
20050707,102.23560428,102.62872595,102.23081012,102.35545845, 1105077,  983944,200509
20050708,102.34587012,102.35066428,102.25957512,102.27875178,  472095,  897293,200509
20050711,102.27875178,102.28354595,102.20204512,102.22601595,  337010,  898346,200509
20050712,102.24039845,102.25957512,102.17328012,102.20204512,  483360,  847367,200509
20050713,102.17807428,102.20204512,102.14930928,102.17807428,  448115,  855289,200509
20050714,102.18286845,102.19725095,102.13492678,102.14930928,  486096,  873470,200509
20050715,102.13492678,102.16369178,102.07739678,102.15889762,  462760,  861128,200509
20050718,102.12054428,102.21163345,102.11095595,102.17807428,  261848,  844438,200509
20050719,102.15410345,102.16369178,102.10616178,102.14930928,  398125,  819996,200509
20050720,102.14451512,102.17328012,102.12054428,102.15410345,  315855,  816240,200509
20050721,102.17328012,102.24998678,102.11095595,102.15889762,  624253,  842625,200509
20050722,102.14451512,102.24519262,102.13972095,102.23560428,  347756,  824300,200509
20050725,102.23560428,102.24519262,102.20204512,102.22601595,  198881,  819091,200509
20050726,102.23081012,102.23081012,102.15410345,102.18766262,  342271,  805003,200509
20050727,102.18766262,102.20683928,102.16848595,102.18766262,  304306,  818449,200509
20050728,102.18286845,102.19245678,102.13492678,102.15410345,  427099,  835325,200509
20050729,102.16369178,102.17328012,102.09657345,102.11095595,  328428,  850841,200509
20050801,102.08219095,102.08219095,102.01507262,102.04383762,  322326,  831155,200509
20050802,102.03424928,102.07739678,102.00069012,102.00548428,  448626,  824891,200509
20050803,102.01507262,102.05822012,101.98630762,102.03904345,  368342,  823649,200509
20050804,102.02945512,102.04863178,102.00069012,102.01986678,  295181,  827386,200509
20050805,102.02466095,102.02945512,101.94316012,101.94795428,  381291,  812141,200509
20050808,101.93357178,101.97671928,101.93357178,101.96233678,  171462,  813462,200509
20050809,101.95274845,101.97192512,101.92877762,101.92877762,  219488,  831238,200509
20050810,101.94795428,102.00069012,101.93357178,101.96713095,  332016,  835285,200509
20050811,101.96233678,102.02466095,101.92877762,102.02466095,  350870,  846060,200509
20050812,102.01986678,102.10616178,102.01986678,102.10136762,  317004,  819986,200509
20050815,102.10616178,102.13972095,102.08698512,102.13013262,  251437,  800651,200509
20050816,102.13013262,102.20204512,102.10616178,102.19725095,  408792,  785645,200509
20050817,102.18766262,102.20683928,102.16848595,102.19725095,  359668,  790548,200509
20050818,102.19725095,102.24039845,102.18286845,102.24039845,  366579,  822278,200509
20050819,102.24519262,102.26436928,102.19725095,102.21163345,  293878,  813628,200509
20050822,102.23081012,102.24039845,102.19245678,102.24039845,  217897,  824306,200509
20050823,102.24519262,102.24998678,102.13492678,102.19245678,  513232,  832931,200509
20050824,102.19725095,102.20204512,102.14451512,102.17807428,  466149,  798495,200509
20050825,102.18766262,102.24039845,102.16848595,102.24039845,  321754,  800793,200509
20050826,102.24519262,102.24519262,102.15410345,102.16369178,  346225,  822416,200509
20050829,102.20204512,102.21642762,102.11575012,102.13492678,  136320,  795452,200509
20050830,102.13013262,102.15410345,102.09657345,102.13972095,  400731,  744496,200509
20050831,102.17328012,102.24519262,102.16369178,102.23560428,  600836,  722673,200509
20050901,102.23081012,102.34587012,102.20683928,102.33148762,  830672,  713914,200509
20050902,102.35545845,102.40340012,102.29792845,102.34587012,  689127,  651728,200509
20050905,102.35066428,102.37463512,102.34107595,102.35066428,  297151,  577412,200509
20050906,102.34587012,102.34587012,102.27395762,102.31231095,  862520,  285168,200509
20050907,102.30751678,102.32189928,102.27395762,102.27395762,  430166,  285168,200509
20050908,102.21641975,102.27396324,102.20203387,102.24998678,  462853,  757592,200512
20050909,102.23560091,102.25478207,102.19723858,102.22121504,  316889,  775032,200512
20050912,102.21641975,102.22121504,102.10133277,102.12051393,  584576,  724650,200512
20050913,102.11092335,102.15408097,102.07735631,102.13489980,  471485,  803756,200512
20050914,102.12530922,102.15408097,102.10612806,102.10612806,  527838,  773799,200512
20050915,102.09174218,102.11092335,102.06297044,102.07256102,  575872,  754507,200512
20050916,102.08694689,102.09653748,102.01501753,102.03419869,  409803,  760156,200512
20050919,101.99583637,102.11092335,101.98624579,102.08694689,  314197,  772577,200512
20050920,102.07735631,102.12051393,102.07735631,102.11092335,  276690,  777474,200512
20050921,102.12051393,102.19723858,102.10612806,102.18764800,  505890,  834783,200512
20050922,102.21162446,102.22601033,102.14928567,102.18285271,  412276,  818703,200512
20050923,102.17326213,102.18764800,102.05337986,102.05337986,  546983,  824140,200512
20050926,102.02940340,102.03419869,101.94308817,101.97665520,  567817,  819434,200512
20050927,101.98145050,101.99583637,101.93829288,101.94788346,  567083,  795694,200512
20050928,101.92870230,101.94308817,101.89513526,101.91911171,  625372,  810321,200512
20050929,101.91911171,101.95267875,101.80402473,101.82800119,  832076,  908086,200512
20050930,101.80402473,101.86636351,101.80402473,101.80882002,  560321,  884167,200512
20051003,101.80882002,101.84718235,101.75127653,101.79443415,  589009,  906658,200512
20051004,101.78004828,101.81841061,101.74648124,101.77525299,  401028,  947081,200512
20051005,101.78963886,101.82800119,101.77525299,101.78963886,  517281,  973723,200512
20051006,101.80882002,101.86156822,101.69852834,101.70332363, 1133198, 1038737,200512
20051007,101.67455188,101.72250479,101.62659897,101.71291421,  941073, 1149680,200512
20051010,101.69852834,101.74648124,101.69852834,101.71291421,  314380, 1171752,200512
20051011,101.70811892,101.71770950,101.66496130,101.69373304,  486280, 1179533,200512
20051012,101.67934717,101.70811892,101.65537072,101.68893775,  630489, 1184751,200512
20051013,101.66016601,101.70811892,101.62659897,101.64098484,  826296, 1218053,200512
20051014,101.65057543,101.71291421,101.61221310,101.61700839,  618626, 1209061,200512
20051017,101.61221310,101.63618955,101.56426019,101.59782723,  575077, 1187940,200512
20051018,101.58823665,101.63618955,101.55466961,101.63618955,  645336, 1141977,200512
20051019,101.65537072,101.71770950,101.64098484,101.67934717,  685097, 1150688,200512
20051020,101.66496130,101.66496130,101.57864606,101.58823665,  643098, 1141989,200512
20051021,101.60262252,101.67455188,101.58344135,101.65537072,  474567, 1167841,200512
20051024,101.63618955,101.67934717,101.62180368,101.64098484,  403335, 1158066,200512
20051025,101.62659897,101.66016601,101.49712612,101.50671670,  829647, 1257487,200512
20051026,101.47314967,101.50192141,101.42999205,101.47794496,  774043, 1171134,200512
20051027,101.47794496,101.49233083,101.38203914,101.39642501,  671498, 1153464,200512
20051028,101.41081088,101.45396850,101.37244856,101.37244856,  722969, 1186451,200512
20051031,101.35326739,101.41081088,101.33408623,101.38683443,  425207, 1206425,200512
20051101,101.40122030,101.43478734,101.34367681,101.37244856,  506479, 1186584,200512
20051102,101.36285798,101.38203914,101.27174745,101.31010978,  705716, 1217985,200512
20051103,101.28133803,101.41081088,101.28133803,101.31490507,  818189, 1206770,200512
20051104,101.29092861,101.37244856,101.23818041,101.24297570,  760558, 1258191,200512
20051107,101.21420396,101.26215687,101.20461338,101.20940867,  463664, 1193658,200512
20051108,101.23338512,101.28133803,101.14227460,101.26695216,  819649, 1222564,200512
20051109,101.26695216,101.29572390,101.14706989,101.16145576,  623915, 1203387,200512
20051110,101.15186518,101.24297570,101.14706989,101.20940867,  664551, 1113531,200512
20051111,101.22858983,101.23818041,101.19022751,101.19981809,  248898, 1121995,200512
20051114,101.20940867,101.25256629,101.14706989,101.15186518,  462077, 1168371,200512
20051115,101.14227460,101.27174745,101.13747931,101.25736158,  706461, 1151602,200512
20051116,101.24777100,101.36285798,101.23338512,101.34847210,  778629, 1122359,200512
20051117,101.35326739,101.35806268,101.23338512,101.30051919,  805339, 1156581,200512
20051118,101.28613332,101.30531449,101.02239233,101.08473111, 1275467, 1274162,200512
20051121,101.07034523,101.23338512,101.02718762,101.19022751,  808239, 1275400,200512
20051122,101.15666047,101.22858983,101.12788872,101.17104634,  604778, 1279623,200512
20051123,101.21899925,101.23338512,101.17104634,101.19981809,  457369, 1285223,200512
20051124,101.19981809,101.34847210,101.19502280,101.33888152,  631993, 1285579,200512
20051125,101.31010978,101.36285798,101.29092861,101.29572390,  447967, 1177053,200512
20051128,101.29572390,101.30051919,101.20940867,101.27174745,  522871, 1095782,200512
20051129,101.30531449,101.31490507,101.19981809,101.22379454,  722470, 1013418,200512
20051130,101.22379454,101.25736158,101.20940867,101.23818041,  552969,  967487,200512
20051201,101.24777100,101.38683443,101.22858983,101.36765327,  931908,  899506,200512
20051202,101.34847210,101.46835437,101.34367681,101.45876379,  756854,  797189,200512
20051205,101.44437792,101.47314967,101.38203914,101.44917321,  666220,  587326,200512
20051206,101.41560618,101.47314967,101.38683443,101.42999205,  707306,  333138,200512
20051207,101.45412876,101.45412876,101.36762121,101.38203914,  496901,  982160,200603
20051208,101.38203914,101.44451681,101.31475549,101.37242719,  611776, 1051607,200603
20051209,101.39165109,101.39165109,101.23305392,101.23785989,  500165, 1052936,200603
20051212,101.23785989,101.29072562,101.23305392,101.27150172,  291172, 1078051,200603
20051213,101.27150172,101.29072562,101.19460612,101.24747184,  464033, 1118900,200603
20051214,101.26669574,101.30994952,101.23305392,101.25227782,  476600, 1094589,200603
20051215,101.26188977,101.28591964,101.21383002,101.23305392,  419104, 1112860,200603
20051216,101.25227782,101.28591964,101.22344197,101.25227782,  316567, 1129083,200603
20051219,101.25227782,101.31475549,101.23305392,101.26669574,  306076, 1091145,200603
20051220,101.26188977,101.27150172,101.21863599,101.22824794,  281301, 1079088,200603
20051221,101.23305392,101.23785989,101.13693442,101.15135235,  313294, 1086547,200603
20051222,101.13693442,101.18980015,101.09368065,101.13693442,  328980, 1081463,200603
20051223,101.14654637,101.21383002,101.13693442,101.19460612,   97251, 1086845,200603
20051227,101.14654637,101.24266587,101.13693442,101.17057625,   55811, 1082450,200603
20051228,101.20902405,101.24266587,101.16577027,101.22344197,  162163, 1095161,200603
20051229,101.22824794,101.22824794,101.14654637,101.16577027,  128800, 1104347,200603
20051230,101.17057625,101.23305392,101.16096430,101.19941210,  123586, 1114369,200603
20060102,101.19460612,101.19460612,101.10809857,101.13693442,  113550, 1128139,200603
20060103,101.11771052,101.18018820,101.09848662,101.16577027,  377031, 1124188,200603
20060104,101.18018820,101.39645706,101.17538222,101.37723316,  875308, 1106082,200603
20060105,101.41087499,101.43009889,101.30033757,101.39645706,  668492, 1096099,200603
20060106,101.39165109,101.44451681,101.34839732,101.40126304,  465484, 1163774,200603
20060109,101.36281524,101.38203914,101.30514354,101.33397939,  529781, 1153405,200603
20060110,101.33878537,101.34359134,101.23785989,101.25227782,  666494, 1174332,200603
20060111,101.22824794,101.25227782,101.18018820,101.19941210,  557372, 1165586,200603
20060112,101.20421807,101.29072562,101.18018820,101.26669574,  789068, 1234040,200603
20060113,101.26669574,101.29072562,101.23785989,101.25227782,  544486, 1301519,200603
20060116,101.27630769,101.29072562,101.24747184,101.27630769,  170185, 1315465,200603
20060117,101.27630769,101.34359134,101.27630769,101.32436744,  559650, 1353007,200603
20060118,101.35800926,101.39165109,101.23305392,101.30033757, 1049821, 1395374,200603
20060119,101.27150172,101.27150172,101.16577027,101.18499417,  959934, 1465086,200603
20060120,101.19460612,101.23305392,101.14654637,101.15135235,  568654, 1511388,200603
20060123,101.19941210,101.22344197,101.12732247,101.14174040,  701239, 1484288,200603
20060124,101.15135235,101.19460612,101.13212845,101.17538222,  782013, 1474263,200603
20060125,101.15135235,101.18018820,101.11290455,101.13212845,  935240, 1502097,200603
20060126,101.12732247,101.18018820,101.10329260,101.11771052, 1038886, 1527042,200603
20060127,101.11290455,101.16096430,101.07926272,101.09368065,  680777, 1500876,200603
20060130,101.06965077,101.10809857,101.02639700,101.06965077,  586453, 1524449,200603
20060131,101.07926272,101.09368065,101.04562090,101.07926272,  583977, 1509189,200603
20060201,101.06003883,101.12251650,101.01197908,101.02639700,  832911, 1495463,200603
20060202,101.02159103,101.08406870,101.01197908,101.04562090,  725122, 1486265,200603
20060203,101.04081493,101.11290455,101.02639700,101.09848662,  606751, 1479176,200603
20060206,101.08406870,101.11771052,101.06484480,101.08406870,  404574, 1467430,200603
20060207,101.06965077,101.16096430,101.06484480,101.08406870,  689113, 1472513,200603
20060208,101.09848662,101.15615832,101.09848662,101.13212845,  644499, 1489967,200603
20060209,101.12732247,101.18980015,101.08406870,101.16577027,  676620, 1481100,200603
20060210,101.16577027,101.21383002,101.12732247,101.19460612,  653315, 1460948,200603
20060213,101.17057625,101.18499417,101.13212845,101.15615832,  434380, 1452748,200603
20060214,101.17057625,101.19941210,101.14174040,101.18499417,  565909, 1406551,200603
20060215,101.17057625,101.21383002,101.15615832,101.18018820,  616476, 1351014,200603
20060216,101.17538222,101.18499417,101.11771052,101.17057625,  533468, 1345294,200603
20060217,101.17057625,101.24747184,101.17057625,101.22824794,  580925, 1362147,200603
20060220,101.23305392,101.26188977,101.22344197,101.25227782,  269570, 1327725,200603
20060221,101.23785989,101.26669574,101.18499417,101.20902405,  668898, 1304807,200603
20060222,101.20421807,101.21383002,101.14654637,101.19460612,  706495, 1230829,200603
20060223,101.19941210,101.20421807,101.07926272,101.10329260,  869536, 1182390,200603
20060224,101.07445675,101.12732247,101.06003883,101.07926272,  605048, 1183571,200603
20060227,101.03600895,101.06484480,100.99756115,101.01197908,  523658, 1145224,200603
20060228,101.00717310,101.05523285,100.98314323,101.04562090,  690838, 1162121,200603
20060301,101.02159103,101.05042688,101.00717310,101.02639700,  578532, 1093159,200603
20060302,101.02159103,101.07445675,100.92547153,100.93988945, 1008664, 1016338,200603
20060303,100.93508348,100.94469543,100.88221776,100.89182971,  821823,  880673,200603
20060306,100.89182971,100.93508348,100.88702373,100.91585958, 1041912,  480111,200603
20060307,100.90144166,100.91585958,100.85818788,100.89182971,  804220,  480111,200603
20060308,100.91591560,100.94965546,100.87735576,100.89663568,  754153, 1404184,200606
20060309,100.88217574,100.94001550,100.88217574,100.92073558,  546148, 1414941,200606
20060310,100.91591560,100.93519552,100.84361590,100.85325586,  475733, 1410357,200606
20060313,100.83879592,100.86289582,100.79059613,100.83397594,  491667, 1401544,200606
20060314,100.83397594,100.92555556,100.82915596,100.89663568,  621692, 1367627,200606
20060315,100.88217574,100.89181570,100.80987605,100.84361590,  549139, 1422156,200606
20060316,100.81951601,100.88699572,100.76167625,100.83879592,  770610, 1466298,200606
20060317,100.85325586,100.89181570,100.76649623,100.78095617,  551936, 1507378,200606
20060320,100.77613619,100.84361590,100.76649623,100.83397594,  442910, 1515494,200606
20060321,100.79541611,100.85807584,100.78577615,100.81469603,  600022, 1554975,200606
20060322,100.82433598,100.86289582,100.80505607,100.84843588,  548896, 1534449,200606
20060323,100.84843588,100.89663568,100.81469603,100.83397594,  670240, 1521145,200606
20060324,100.82915596,100.91591560,100.81469603,100.89663568,  486201, 1539941,200606
20060327,100.91109562,100.94001550,100.89663568,100.91109562,  455328, 1521000,200606
20060328,100.90145566,100.91109562,100.71347645,100.74721631, 1099685, 1569233,200606
20060329,100.70865647,100.73275637,100.67973659,100.70865647,  589247, 1569448,200606
20060330,100.69901651,100.72793639,100.65081671,100.68937655,  710609, 1602077,200606
20060331,100.68937655,100.70865647,100.64599673,100.69901651,  579065, 1627684,200606
20060403,100.66527665,100.67009663,100.57369704,100.62189684,  757405, 1604385,200606
20060404,100.62189684,100.67491661,100.60743690,100.63635678,  674878, 1596831,200606
20060405,100.63635678,100.69901651,100.63153680,100.66527665,  792617, 1540757,200606
20060406,100.66527665,100.80987605,100.62189684,100.73757635, 1313905, 1657709,200606
20060407,100.73757635,100.84843588,100.73757635,100.78577615, 1119594, 1625288,200606
20060410,100.74721631,100.79541611,100.71829643,100.73275637,  518856, 1604647,200606
20060411,100.73275637,100.77131621,100.72793639,100.75685627,  401967, 1597358,200606
20060412,100.76649623,100.78577615,100.71829643,100.74239633,  474306, 1601326,200606
20060413,100.74239633,100.74721631,100.65563669,100.66527665,  559318, 1598221,200606
20060418,100.69901651,100.74239633,100.67973659,100.69419653,  451050, 1587721,200606
20060419,100.73757635,100.77613619,100.69419653,100.70383649,  742582, 1566617,200606
20060420,100.71829643,100.73275637,100.69419653,100.72311641,  508743, 1573400,200606
20060421,100.71829643,100.77131621,100.70383649,100.72311641,  393027, 1577244,200606
20060424,100.72793639,100.77613619,100.69901651,100.71347645,  495667, 1575224,200606
20060425,100.73275637,100.74239633,100.55441712,100.59297696,  869063, 1654961,200606
20060426,100.59297696,100.59779694,100.53031722,100.56405708,  846357, 1719042,200606
20060427,100.55923710,100.62189684,100.45319755,100.58815698, 1127808, 1625045,200606
20060428,100.63153680,100.63635678,100.53031722,100.60261692,  614682, 1611545,200606
20060502,100.54959714,100.59779694,100.53513720,100.58333700,  579482, 1615641,200606
20060503,100.58333700,100.61707686,100.54959714,100.58333700,  545057, 1633123,200606
20060504,100.59297696,100.60261692,100.51103730,100.54959714,  746845, 1612054,200606
20060505,100.56405708,100.61707686,100.51103730,100.58815698,  676452, 1597753,200606
20060508,100.58333700,100.61707686,100.53995718,100.55441712,  319902, 1576967,200606
20060509,100.55923710,100.55923710,100.52549724,100.55441712,  568749, 1545190,200606
20060510,100.54959714,100.64117676,100.52067726,100.59779694,  653537, 1546478,200606
20060511,100.57851702,100.59297696,100.52067726,100.53031722,  611987, 1540676,200606
20060512,100.53513720,100.62189684,100.49175738,100.58815698,  841287, 1516612,200606
20060515,100.57851702,100.73275637,100.56887706,100.72311641,  881242, 1493589,200606
20060516,100.72793639,100.79059613,100.69901651,100.78095617,  915308, 1518921,200606
20060517,100.78095617,100.78577615,100.67491661,100.69419653,  896645, 1501008,200606
20060518,100.73757635,100.79059613,100.71829643,100.78095617,  816711, 1550831,200606
20060519,100.79059613,100.81951601,100.71829643,100.80505607,  598647, 1572855,200606
20060522,100.78577615,100.89181570,100.77613619,100.87253578,  806625, 1526634,200606
20060523,100.86771580,100.86771580,100.81951601,100.83397594,  638889, 1481220,200606
20060524,100.88217574,100.92073558,100.81951601,100.87253578, 1079975, 1501584,200606
20060525,100.89181570,100.91109562,100.87253578,100.89181570,  599175, 1420858,200606
20060526,100.87253578,100.89663568,100.84843588,100.89181570,  388575, 1370451,200606
20060529,100.88699572,100.89181570,100.84361590,100.86289582,  106245, 1349911,200606
20060530,100.87253578,100.89663568,100.77613619,100.80023609,  740239, 1268349,200606
20060531,100.81951601,100.84361590,100.68455657,100.74721631,  989477, 1082536,200606
20060601,100.69901651,100.72793639,100.67973659,100.71347645,  778470,  969305,200606
20060602,100.76167625,100.80023609,100.68455657,100.76167625,  772190,  866250,200606
20060605,100.77613619,100.77613619,100.64599673,100.66527665,  616167,  742461,200606
20060606,100.62189684,100.66045667,100.60743690,100.62189684,  844252,  440682,200606
20060607,100.63153680,100.64599673,100.58333700,100.60261692,  611837,  440682,200606
20060608,100.50608513,100.67978744,100.49643500,100.63153680,  925017, 1048659,200609
20060609,100.62188667,100.72803808,100.61223654,100.67978744,  499284, 1061553,200609
20060612,100.68943756,100.74251327,100.66531224,100.72803808,  330616, 1059280,200609
20060613,100.74251327,100.82453936,100.73286314,100.77628872,  698331, 1090903,200609
20060614,100.75698846,100.76181353,100.67978744,100.70391276,  600295, 1120646,200609
20060615,100.67496237,100.68943756,100.60258641,100.62671173,  578893, 1108451,200609
20060616,100.61706160,100.66531224,100.61223654,100.64601199,  347156, 1088163,200609
20060619,100.64118692,100.64118692,100.54951071,100.57363603,  406474, 1074032,200609
20060620,100.55916083,100.60258641,100.50126007,100.51573526,  544804, 1086604,200609
20060621,100.49643500,100.50608513,100.46265955,100.48678487,  529697, 1134183,200609
20060622,100.46748462,100.48195981,100.42405904,100.44818436,  470805, 1114846,200609
20060623,100.42405904,100.47230968,100.38545853,100.39510865,  549227, 1151799,200609
20060626,100.40475878,100.40958385,100.32755776,100.33238282,  463523, 1163487,200609
20060627,100.34203295,100.38063346,100.24553167,100.31308257,  731818, 1244897,200609
20060628,100.28895724,100.32273269,100.26965699,100.30825750,  451398, 1261247,200609
20060629,100.28895724,100.41440891,100.27930712,100.38545853,  572472, 1263997,200609
20060630,100.41923398,100.43853423,100.28413218,100.35168308,  573587, 1255202,200609
20060703,100.35168308,100.39993372,100.31308257,100.32273269,  342605, 1301482,200609
20060704,100.31790763,100.36615827,100.30825750,100.34685801,  194775, 1258836,200609
20060705,100.36133321,100.36133321,100.25518180,100.26965699,  554147, 1229128,200609
20060706,100.27930712,100.32273269,100.19245596,100.24070660,  889587, 1262203,200609
20060707,100.23588154,100.34685801,100.23105648,100.30825750,  483112, 1233604,200609
20060710,100.29378231,100.30343244,100.25518180,100.26483192,  304384, 1259036,200609
20060711,100.26965699,100.35650814,100.26965699,100.34685801,  434855, 1258410,200609
20060712,100.32273269,100.33720789,100.26000686,100.28413218,  423042, 1307866,200609
20060713,100.30343244,100.41440891,100.29860737,100.39028359,  651718, 1265955,200609
20060714,100.40958385,100.50126007,100.40958385,100.47230968,  844714, 1204790,200609
20060717,100.49643500,100.50608513,100.43853423,100.46265955,  417002, 1198712,200609
20060718,100.45783449,100.47713474,100.39510865,100.40475878,  564087, 1188466,200609
20060719,100.40958385,100.44335930,100.32273269,100.42888410,  681055, 1209130,200609
20060720,100.44335930,100.45783449,100.39028359,100.43370917,  468731, 1236750,200609
20060721,100.44818436,100.50608513,100.44818436,100.49643500,  381427, 1228542,200609
20060724,100.47230968,100.50126007,100.45300942,100.48195981,  326235, 1249567,200609
20060725,100.48195981,100.54468564,100.47230968,100.48678487,  508816, 1233398,200609
20060726,100.49160994,100.53021045,100.41440891,100.43853423,  629010, 1261881,200609
20060727,100.46748462,100.53021045,100.46748462,100.49643500,  562524, 1251921,200609
20060728,100.49643500,100.55916083,100.45783449,100.53986058,  530961, 1290952,200609
20060731,100.53986058,100.55433577,100.49160994,100.54468564,  402984, 1306201,200609
20060801,100.54951071,100.58328615,100.49643500,100.54951071,  631998, 1245831,200609
20060802,100.57363603,100.59776135,100.50608513,100.52538539,  408714, 1213829,200609
20060803,100.55433577,100.56881096,100.40475878,100.41923398,  886027, 1270556,200609
20060804,100.42888410,100.50126007,100.37098333,100.48195981,  742913, 1222862,200609
20060807,100.48678487,100.51091019,100.47230968,100.49643500,  249229, 1226644,200609
20060808,100.47713474,100.53503551,100.46748462,100.49643500,  297067, 1216654,200609
20060809,100.50608513,100.51573526,100.43853423,100.44818436,  315056, 1209558,200609
20060810,100.46265955,100.55433577,100.45783449,100.46748462,  488725, 1230778,200609
20060811,100.47230968,100.47713474,100.36615827,100.39028359,  462755, 1208021,200609
20060814,100.36133321,100.36133321,100.30343244,100.32755776,  300777, 1202855,200609
20060815,100.29860737,100.38063346,100.29378231,100.34685801,  417791, 1221600,200609
20060816,100.34203295,100.39510865,100.32273269,100.37098333,  508459, 1234438,200609
20060817,100.39510865,100.40958385,100.34203295,100.36615827,  425006, 1213334,200609
20060818,100.35650814,100.37580840,100.32273269,100.36133321,  309046, 1210818,200609
20060821,100.36133321,100.42888410,100.35168308,100.40475878,  395856, 1197418,200609
20060822,100.41440891,100.57363603,100.40958385,100.55916083, 1040271, 1199564,200609
20060823,100.54951071,100.55916083,100.52056032,100.53986058,  438049, 1179190,200609
20060824,100.55916083,100.62671173,100.47230968,100.55433577,  658379, 1198720,200609
20060825,100.57846109,100.59776135,100.54951071,100.57846109,  325192, 1189992,200609
20060828,100.58328615,100.59293628,100.54951071,100.58811122,  134686, 1167185,200609
20060829,100.56881096,100.57363603,100.50126007,100.50608513,  415440, 1142092,200609
20060830,100.55433577,100.56398590,100.51573526,100.54951071,  468583, 1112400,200609
20060831,100.57363603,100.58328615,100.48195981,100.57846109,  746567, 1045845,200609
20060901,100.55433577,100.57363603,100.51573526,100.56881096,  740547, 1033379,200609
20060904,100.55433577,100.55916083,100.52538539,100.54468564,  445774,  906038,200609
20060905,100.53503551,100.54468564,100.46265955,100.48678487, 1071672,  577972,200609
20060906,100.47230968,100.48678487,100.38063346,100.39993372,  826106,  577972,200609
20060907,100.40479012,100.40479012,100.30339065,100.36133321,  812149,  934220,200612
20060908,100.34684757,100.39030448,100.33236193,100.35167611,  469707,  987753,200612
20060911,100.33236193,100.34201902,100.28890501,100.29856211,  507104, 1040373,200612
20060912,100.28890501,100.30821920,100.23579100,100.28407647,  777215, 1148108,200612
20060913,100.29373356,100.32753338,100.28407647,100.30339065,  594577, 1138293,200612
20060914,100.28890501,100.30339065,100.26476228,100.29373356,  428741, 1150020,200612
20060915,100.26959083,100.32753338,100.25027664,100.30821920,  543796, 1178934,200612
20060918,100.25510519,100.25510519,100.19233409,100.21647682,  567681, 1206943,200612
20060919,100.20681973,100.32753338,100.20199118,100.30339065,  770722, 1234623,200612
20060920,100.33236193,100.33719048,100.29373356,100.31787629,  472895, 1221428,200612
20060921,100.28890501,100.42410431,100.27441937,100.33236193,  499350, 1206527,200612
20060922,100.42410431,100.54481796,100.39513303,100.52550378,  953624, 1226299,200612
20060925,100.52550378,100.63656034,100.52067523,100.62690325,  818872, 1279909,200612
20060926,100.64138889,100.64621743,100.53998942,100.56896069,  782095, 1194832,200612
20060927,100.54481796,100.59310342,100.49170395,100.53033232,  783346, 1168690,200612
20060928,100.52550378,100.53033232,100.46756122,100.48687541,  622633, 1157938,200612
20060929,100.49653250,100.52550378,100.43376140,100.44341849,  700239, 1162899,200612
20061002,100.43858995,100.49170395,100.39996158,100.48204686,  501358, 1187058,200612
20061003,100.46273268,100.49170395,100.40479012,100.41927576,  529925, 1227316,200612
20061004,100.41444721,100.50136105,100.38547594,100.46756122,  620854, 1224131,200612
20061005,100.48687541,100.48687541,100.41927576,100.45790413,  752024, 1224576,200612
20061006,100.44824704,100.59793197,100.41444721,100.44341849,  909805, 1390355,200612
20061009,100.45307558,100.45790413,100.38064739,100.40961867,  403058, 1281346,200612
20061010,100.39996158,100.40961867,100.28890501,100.31787629,  800335, 1269444,200612
20061011,100.29856211,100.35650466,100.26476228,100.32270484,  606774, 1271282,200612
20061012,100.27441937,100.37581884,100.25993374,100.34684757,  654765, 1257716,200612
20061013,100.33719048,100.38064739,100.29373356,100.30821920,  542041, 1248153,200612
20061016,100.29373356,100.34201902,100.28407647,100.31787629,  312629, 1241639,200612
20061017,100.32753338,100.37099030,100.32270484,100.36133321,  413090, 1246196,200612
20061018,100.33719048,100.39996158,100.29856211,100.35650466,  702069, 1240930,200612
20061019,100.34684757,100.38064739,100.30821920,100.31304774,  568830, 1242260,200612
20061020,100.31787629,100.34684757,100.26959083,100.28890501,  386284, 1245174,200612
20061023,100.27441937,100.27924792,100.21647682,100.23579100,  500945, 1237362,200612
20061024,100.22130537,100.24061955,100.21164827,100.23096246,  470924, 1295156,200612
20061025,100.22613391,100.23579100,100.17784845,100.21647682,  552679, 1291311,200612
20061026,100.23579100,100.25027664,100.19716263,100.22130537,  519048, 1330417,200612
20061027,100.22130537,100.27441937,100.19233409,100.25510519,  620604, 1278891,200612
20061030,100.25993374,100.28890501,100.24544810,100.25027664,  370086, 1296122,200612
20061031,100.26959083,100.35167611,100.25027664,100.33719048,  666232, 1285815,200612
20061101,100.33236193,100.42410431,100.32270484,100.41444721,  719149, 1289479,200612
20061102,100.39996158,100.40961867,100.32270484,100.35650466,  667480, 1314790,200612
20061103,100.37581884,100.40479012,100.25510519,100.27924792,  605087, 1294384,200612
20061106,100.25027664,100.25993374,100.21164827,100.23096246,  384820, 1283182,200612
20061107,100.24061955,100.27924792,100.23096246,100.26476228,  470554, 1273253,200612
20061108,100.26959083,100.29856211,100.20681973,100.21647682,  555761, 1307885,200612
20061109,100.23579100,100.25993374,100.19716263,100.24544810,  496167, 1308988,200612
20061110,100.25993374,100.33719048,100.25993374,100.32753338,  602880, 1313478,200612
20061113,100.31787629,100.38547594,100.28890501,100.30339065,  529586, 1352477,200612
20061114,100.27924792,100.34201902,100.25993374,100.31304774,  560125, 1373263,200612
20061115,100.30339065,100.34684757,100.26476228,100.27441937,  573238, 1331632,200612
20061116,100.26476228,100.31304774,100.21164827,100.25993374,  584751, 1287566,200612
20061117,100.24544810,100.31787629,100.21164827,100.28890501,  607710, 1273590,200612
20061120,100.31304774,100.37581884,100.31304774,100.36133321,  524250, 1282922,200612
20061121,100.37581884,100.39030448,100.31304774,100.33719048,  570766, 1274680,200612
20061122,100.35167611,100.38064739,100.33236193,100.37581884,  474930, 1305528,200612
20061123,100.37581884,100.39030448,100.29373356,100.29373356,  454620, 1269694,200612
20061124,100.29856211,100.39030448,100.27441937,100.37581884,  704773, 1282814,200612
20061127,100.35650466,100.42410431,100.34201902,100.38064739,  618816, 1244678,200612
20061128,100.42410431,100.43376140,100.38547594,100.40961867,  794365, 1234139,200612
20061129,100.42893285,100.42893285,100.35167611,100.36616175,  622363, 1212857,200612
20061130,100.36133321,100.41927576,100.34684757,100.40479012,  589850, 1184424,200612
20061201,100.40479012,100.48687541,100.37581884,100.47238977,  811731, 1089937,200612
20061204,100.48204686,100.50618959,100.46756122,100.49170395,  803104,  902282,200612
20061205,100.50136105,100.50618959,100.39996158,100.42893285, 1159923,  509205,200612
20061206,100.42893285,100.43858995,100.36616175,100.39513303,  594828,  509205,200612
20061207,100.46761002,100.50143425,100.38063345,100.39996158,  842001, 1209677,200703
20061208,100.39512954,100.42895377,100.34197719,100.38546548,  565152, 1148757,200703
20061211,100.35647329,100.36130532,100.30332094,100.31781703,  495420, 1167681,200703
20061212,100.32264906,100.34197719,100.28882484,100.30332094,  481103, 1206571,200703
20061213,100.32748110,100.35647329,100.23084045,100.27916078,  789145, 1258049,200703
20061214,100.23084045,100.25983265,100.19701623,100.20668029,  514242, 1286578,200703
20061215,100.19218420,100.25983265,100.15352794,100.18735217,  641335, 1365148,200703
20061218,100.16802404,100.21151233,100.14386388,100.17768810,  352165, 1389065,200703
20061219,100.17285607,100.20184826,100.11003965,100.12453575,  599161, 1398642,200703
20061220,100.11487169,100.15835997,100.09071153,100.12453575,  322897, 1376556,200703
20061221,100.10520762,100.13903185,100.08104746,100.09554356,  237595, 1379859,200703
20061222,100.10037559,100.12936778,100.06171933,100.06655137,  170401, 1382990,200703
20061227,100.04722324,100.07138340,99.98923885,100.02306308,  155506, 1390640,200703
20061228,99.99890292,100.04239121,99.97957479,99.98440682,  200259, 1396610,200703
20061229,100.00373495,100.03272714,99.97474276,99.98923885,  144138, 1413641,200703
20070102,99.93125447,100.06171933,99.93125447,100.04722324,  355527, 1470898,200703
20070103,100.03272714,100.07621543,100.01339901,100.03272714,  423442, 1465139,200703
20070104,100.05688730,100.05688730,100.02306308,100.04239121,  428819, 1501757,200703
20070105,100.04722324,100.07138340,99.95058260,99.96991073,  540322, 1527694,200703
20070108,99.98923885,100.00373495,99.95541463,99.98923885,  363630, 1540038,200703
20070109,99.99407089,99.99890292,99.93608650,99.94575056,  543017, 1600046,200703
20070110,99.94091853,99.98440682,99.91192634,99.92642244,  763920, 1648238,200703
20070111,99.93125447,100.01339901,99.85877399,99.98440682, 1093834, 1724264,200703
20070112,99.96507869,99.99407089,99.91675837,99.92159040,  581675, 1707145,200703
20070115,99.93125447,99.95058260,99.92159040,99.93125447,  230416, 1703591,200703
20070116,99.94091853,99.97474276,99.91675837,99.93608650,  522473, 1722939,200703
20070117,99.94091853,99.97957479,99.93125447,99.95541463,  716568, 1715215,200703
20070118,99.94091853,99.94575056,99.86843805,99.91192634, 1036672, 1739402,200703
20070119,99.94091853,99.96024666,99.89259821,99.90226228,  707071, 1699515,200703
20070122,99.90709431,99.96991073,99.89259821,99.96024666,  485697, 1696495,200703
20070123,99.94091853,99.96991073,99.91192634,99.94091853,  565407, 1742803,200703
20070124,99.93125447,99.95058260,99.89743024,99.90226228,  585794, 1766033,200703
20070125,99.90709431,99.96024666,99.87327008,99.89743024,  759336, 1782779,200703
20070126,99.88776618,99.90709431,99.84427789,99.90226228,  664111, 1798133,200703
20070129,99.88293415,99.90709431,99.85877399,99.86843805,  419990, 1826079,200703
20070130,99.86360602,99.91675837,99.86360602,99.88293415,  542099, 1820920,200703
20070131,99.87810212,99.92159040,99.85394196,99.91192634,  701847, 1845740,200703
20070201,99.90709431,99.97957479,99.90226228,99.94091853,  899804, 1771504,200703
20070202,99.92642244,100.02306308,99.89259821,100.00373495, 1101075, 1785102,200703
20070205,100.00373495,100.05688730,100.00373495,100.05205527,  579157, 1792593,200703
20070206,100.04239121,100.04722324,100.00373495,100.01823105,  570911, 1794889,200703
20070207,100.03755917,100.03755917,99.97957479,99.99890292,  667229, 1841527,200703
20070208,99.99890292,100.01823105,99.92642244,99.95058260,  886214, 1833029,200703
20070209,99.94575056,99.96024666,99.90709431,99.91192634,  572047, 1775125,200703
20070212,99.91675837,99.93125447,99.90226228,99.92159040,  524505, 1829604,200703
20070213,99.90709431,99.91192634,99.88293415,99.89259821,  621590, 1822514,200703
20070214,99.89259821,99.92642244,99.87810212,99.91192634,  642784, 1829759,200703
20070215,99.91192634,99.99407089,99.90226228,99.97957479,  841181, 1776555,200703
20070216,99.97957479,99.99890292,99.93125447,99.95058260,  675067, 1805615,200703
20070219,99.95058260,99.95058260,99.91192634,99.92159040,  184978, 1798606,200703
20070220,99.92642244,99.95058260,99.89259821,99.92642244,  509885, 1761534,200703
20070221,99.94091853,99.96507869,99.91675837,99.94091853,  587395, 1728963,200703
20070222,99.94575056,99.95541463,99.88776618,99.90226228,  600773, 1700493,200703
20070223,99.89259821,99.95541463,99.88776618,99.94091853,  567829, 1633491,200703
20070226,99.95541463,100.01823105,99.95058260,100.00373495,  714021, 1551469,200703
20070227,100.01339901,100.50626628,100.00856698,100.06655137, 1340120, 1450394,200703
20070228,100.15352794,100.16319201,100.06171933,100.10037559, 1134111, 1412074,200703
20070301,100.10520762,100.20184826,100.07138340,100.13419981, 1214259, 1188032,200703
20070302,100.15352794,100.20668029,100.10520762,100.17768810,  776595, 1154347,200703
20070305,100.28399281,100.28399281,100.16319201,100.18735217, 1201450,  972737,200703
20070306,100.15352794,100.16319201,100.11003965,100.14386388, 1423324,  509941,200703
20070307,100.13419981,100.13903185,100.10520762,100.11970372,  714717,  509941,200703
20070308,100.09553866,100.09553866,100.00857468,100.06171933, 1097619, 1448158,200706
20070309,100.06655067,100.08104466,99.98924935,100.01340601,  699733, 1384184,200706
20070312,99.99891202,100.05205667,99.95543003,100.02790001,  678568, 1361281,200706
20070313,100.04722534,100.12935798,100.00857468,100.04239401,  816796, 1381243,200706
20070314,100.12935798,100.12935798,100.07621333,100.11486399,  841037, 1381194,200706
20070315,100.06655067,100.07138200,100.02790001,100.04722534,  680105, 1378805,200706
20070316,100.04239401,100.06655067,100.01340601,100.03756267,  561578, 1383415,200706
20070319,100.00374335,100.00374335,99.96026136,99.97475536,  457453, 1386082,200706
20070320,99.96992402,100.00857468,99.95059870,99.99408068,  518391, 1392490,200706
20070321,99.99408068,100.06655067,99.97475536,99.98441802,  438705, 1406997,200706
20070322,100.04239401,100.05688800,99.96509269,99.99408068,  703522, 1422571,200706
20070323,99.96992402,100.01340601,99.92644203,99.95059870,  724084, 1398561,200706
20070326,99.93610470,99.96026136,99.90228537,99.94093603,  616715, 1402049,200706
20070327,99.91194804,99.92644203,99.88296005,99.90228537,  605099, 1378202,200706
20070328,99.89745404,99.92644203,99.85880339,99.90711671,  679978, 1406472,200706
20070329,99.86846605,99.89262271,99.84914072,99.85880339,  522157, 1436831,200706
20070330,99.84430939,99.91194804,99.79599607,99.82015273,  707100, 1460582,200706
20070402,99.82498406,99.84430939,99.76700807,99.80082740,  461299, 1480555,200706
20070403,99.77667074,99.80565873,99.77667074,99.78633340,  472687, 1491915,200706
20070404,99.78633340,99.83464672,99.78150207,99.82981539,  480272, 1527551,200706
20070405,99.82015273,99.82498406,99.77667074,99.80082740,  374611, 1509627,200706
20070410,99.74285141,99.75734541,99.72352609,99.73318875,  378289, 1522759,200706
20070411,99.73802008,99.74768275,99.68487543,99.71386342,  402320, 1517439,200706
20070412,99.68970676,99.73318875,99.65588744,99.68004410,  620154, 1563704,200706
20070413,99.66071877,99.67521276,99.60274278,99.61723678,  708168, 1561939,200706
20070416,99.60757412,99.65105610,99.60274278,99.64622477,  503411, 1535944,200706
20070417,99.64139344,99.67521276,99.60757412,99.67038143,  647979, 1570095,200706
20070418,99.65588744,99.68970676,99.65105610,99.68004410,  533895, 1564788,200706
20070419,99.69453809,99.71386342,99.61240545,99.64139344,  639382, 1601325,200706
20070420,99.62206811,99.66071877,99.61240545,99.64139344,  500425, 1619613,200706
20070423,99.65105610,99.68487543,99.63173078,99.66555010,  399709, 1601482,200706
20070424,99.66555010,99.69453809,99.65105610,99.66555010,  519909, 1581334,200706
20070425,99.67038143,99.68004410,99.62689944,99.65588744,  603763, 1620216,200706
20070426,99.63173078,99.63656211,99.56892346,99.59308012,  586430, 1635709,200706
20070427,99.57858612,99.60757412,99.55926079,99.58824879,  543688, 1658311,200706
20070430,99.59308012,99.68004410,99.59308012,99.66071877,  543288, 1654732,200706
20070502,99.64139344,99.64139344,99.56409213,99.56892346,  648801, 1684762,200706
20070503,99.57858612,99.61240545,99.55442946,99.55926079,  567988, 1683486,200706
20070504,99.56892346,99.63173078,99.56409213,99.60274278,  467753, 1714874,200706
20070507,99.59791145,99.60274278,99.53510413,99.56409213,  317543, 1705550,200706
20070508,99.56409213,99.60274278,99.54959813,99.59791145,  464020, 1694664,200706
20070509,99.58824879,99.60274278,99.55926079,99.59308012,  354875, 1701900,200706
20070510,99.55926079,99.61240545,99.53993547,99.58341745,  626492, 1702674,200706
20070511,99.61240545,99.66555010,99.56892346,99.60757412,  932301, 1723873,200706
20070514,99.57858612,99.57858612,99.50611614,99.52544147,  637301, 1750613,200706
20070515,99.52061014,99.53993547,99.44330882,99.45780282,  840107, 1788315,200706
20070516,99.47712815,99.48195948,99.41432083,99.43364616,  759534, 1798471,200706
20070517,99.43364616,99.43847749,99.39982683,99.41432083,  422454, 1786161,200706
20070518,99.41432083,99.43847749,99.39499550,99.43364616,  471067, 1752826,200706
20070521,99.39982683,99.42881483,99.39016417,99.39982683,  297747, 1753300,200706
20070522,99.42881483,99.42881483,99.35151351,99.39016417,  440163, 1735160,200706
20070523,99.35634485,99.36117618,99.31286286,99.33218819,  673555, 1744146,200706
20070524,99.33701952,99.38533284,99.33218819,99.36600751,  849820, 1657040,200706
20070525,99.38050151,99.38533284,99.28387486,99.31769419,  496183, 1617094,200706
20070529,99.27421220,99.30320019,99.27421220,99.27904353,  398473, 1573351,200706
20070530,99.28870620,99.32735685,99.26454954,99.28387486,  691429, 1504115,200706
20070531,99.27904353,99.28387486,99.22106755,99.24522421,  796082, 1405643,200706
20070601,99.24039287,99.25488687,99.16309156,99.17275423,  690604, 1317858,200706
20070604,99.19207955,99.20174222,99.17275423,99.18241689,  887899, 1113003,200706
20070605,99.17758556,99.19691089,99.14859756,99.15826023, 1516731,  612717,200706
20070606,99.15826023,99.23073021,99.13410357,99.22589888, 1154728,  612717,200706
20070607,99.24530479,99.25014036,99.11957988,99.15342890,  879423, 1536939,200709
20070608,99.14859332,99.17277119,99.11474431,99.13408660,  882985, 1563542,200709
20070611,99.13892218,99.15826447,99.13892218,99.14375775,  498215, 1593627,200709
20070612,99.15342890,99.15826447,99.04221071,99.09056645,  875172, 1604375,200709
20070613,99.05188186,99.07122415,98.98901941,99.04704629, 1297151, 1625075,200709
20070614,99.06155301,99.11957988,99.05188186,99.07605973,  826683, 1639527,200709
20070615,99.07605973,99.09540202,99.03253957,99.07122415,  648934, 1645370,200709
20070618,99.07122415,99.11957988,99.06155301,99.09540202,  543899, 1655114,200709
20070619,99.08573087,99.17760676,99.07605973,99.15342890,  644335, 1636557,200709
20070620,99.16793562,99.19211348,99.05671743,99.08089530,  885978, 1615018,200709
20070621,99.06638858,99.14859332,99.03253957,99.09540202,  886007, 1625886,200709
20070622,99.07122415,99.17277119,99.06155301,99.11957988,  525271, 1596885,200709
20070625,99.18244234,99.19694906,99.14375775,99.15342890,  554177, 1625335,200709
20070626,99.19211348,99.20178463,99.15342890,99.17760676,  486065, 1561861,200709
20070627,99.18727791,99.25014036,99.18244234,99.22112692,  791608, 1498152,200709
20070628,99.18727791,99.19211348,99.11957988,99.15826447,  662415, 1535250,200709
20070629,99.14375775,99.18727791,99.09056645,99.12441546,  711539, 1566218,200709
20070702,99.17760676,99.24530479,99.16310004,99.22112692,  810729, 1592647,200709
20070703,99.22596250,99.24046921,99.14375775,99.15826447,  599544, 1547863,200709
20070704,99.15342890,99.15826447,99.08573087,99.10507316,  481123, 1545906,200709
20070705,99.09540202,99.10507316,99.02286842,99.04704629,  730310, 1554243,200709
20070706,99.04221071,99.05671743,98.99385498,99.00836170,  639103, 1548812,200709
20070709,99.00352613,99.04704629,98.99869055,99.03253957,  258295, 1541857,200709
20070710,99.01803285,99.16793562,99.01803285,99.12925103,  857474, 1407739,200709
20070711,99.18727791,99.24530479,99.09540202,99.11957988, 1319603, 1533306,200709
20070712,99.11957988,99.12441546,99.03737514,99.06638858,  584559, 1494245,200709
20070713,99.04221071,99.10023759,99.01319727,99.04221071,  569536, 1500222,200709
20070716,99.08089530,99.12441546,99.03737514,99.08573087,  369094, 1517723,200709
20070717,99.11957988,99.16310004,99.03737514,99.05671743,  615784, 1489311,200709
20070718,99.10023759,99.15342890,99.06638858,99.10990874,  637061, 1511215,200709
20070719,99.09540202,99.11474431,99.05671743,99.10023759,  547499, 1493770,200709
20070720,99.09056645,99.25497593,99.09056645,99.23079807,  861391, 1492918,200709
20070723,99.24530479,99.30333167,99.22112692,99.24530479,  726520, 1488174,200709
20070724,99.25981151,99.31300281,99.22112692,99.26948265,  538079, 1549323,200709
20070725,99.30333167,99.32750953,99.26464708,99.30816724,  612303, 1547541,200709
20070726,99.30333167,99.60313721,99.27431823,99.45323444, 1263882, 1609009,200709
20070727,99.56928819,99.56928819,99.44356329,99.49191902, 1055785, 1555189,200709
20070730,99.48224788,99.56928819,99.47257673,99.54511033,  684803, 1570035,200709
20070731,99.48224788,99.51609689,99.40487870,99.44839886,  838865, 1554615,200709
20070801,99.55961705,99.56928819,99.44839886,99.48224788,  787835, 1555384,200709
20070802,99.47257673,99.47257673,99.36135855,99.40487870,  806244, 1562542,200709
20070803,99.39037198,99.53060361,99.38553641,99.48708345,  587552, 1571798,200709
20070806,99.54027475,99.54994590,99.43872772,99.50642574,  377342, 1569889,200709
20070807,99.46290558,99.48708345,99.39520756,99.44356329,  411652, 1562694,200709
20070808,99.38553641,99.40004313,99.27915380,99.29849609,  626215, 1513721,200709
20070809,99.30333167,99.51609689,99.30333167,99.45323444, 1013498, 1522456,200709
20070810,99.55478147,99.69017752,99.54511033,99.61764393, 1314295, 1519511,200709
20070813,99.57412377,99.63698622,99.53060361,99.58379491,  569243, 1540921,200709
20070814,99.61280835,99.67083523,99.54027475,99.64665737,  722040, 1563125,200709
20070815,99.69984867,99.84008029,99.69017752,99.74820440,  904652, 1592811,200709
20070816,99.82557357,100.21725501,99.80623128,100.00448978, 1508147, 1653230,200709
20070817,100.16406370,100.21241943,99.95613405,100.03350322, 1179519, 1692443,200709
20070820,99.96096962,100.12054354,99.94162733,100.04800994,  556713, 1654235,200709
20070821,100.09636568,100.29462418,100.07218781,100.17373485,  955087, 1558791,200709
20070822,100.14472141,100.14472141,99.76271112,99.90777832, 1229900, 1521724,200709
20070823,99.85458701,99.98998306,99.75303998,99.93195619,  949515, 1524158,200709
20070824,99.92712061,100.02383208,99.87392931,99.94162733,  667017, 1487937,200709
20070827,99.88360045,100.01899650,99.76754670,99.98031192,  280485, 1472063,200709
20070828,100.02866765,100.06735224,99.90777832,100.01416093,  644173, 1427216,200709
20070829,100.07702338,100.08185896,99.92228504,100.02383208,  590452, 1409161,200709
20070830,99.99965421,100.04800994,99.89327160,99.98998306,  733878, 1359273,200709
20070831,99.93679176,99.98031192,99.84491587,99.95613405,  692442, 1216352,200709
20070903,99.88360045,99.99481864,99.88360045,99.91261389,  501572, 1081930,200709
20070904,99.93195619,99.97547634,99.83524472,99.86909373, 1484458,  745329,200709
20070905,99.90777832,99.98998306,99.77721784,99.96096962,  870580,  745329,200709
20070906,99.86429599,99.90770267,99.76301374,99.87876488,  796801, 1219439,200712
20070907,99.84500413,100.07168345,99.79677449,100.05721455,  740353, 1265759,200712
20070910,100.04274566,100.11026716,100.00416195,100.10544420,  486314, 1284254,200712
20070911,100.06686048,100.07650641,99.96075527,100.02827677,  544925, 1277370,200712
20070912,99.99933898,100.02345381,99.91252563,99.94628638,  637269, 1323297,200712
20070913,99.95593231,99.97522416,99.73889892,99.76301374,  737050, 1351948,200712
20070914,99.82088931,99.87876488,99.74372188,99.77748263,  658449, 1305858,200712
20070917,99.75819078,99.85465006,99.70996113,99.77748263,  428530, 1292342,200712
20070918,99.80642042,99.83053524,99.65690853,99.67620039,  570884, 1279002,200712
20070919,99.78712856,99.79677449,99.63279371,99.64726260,  659369, 1296592,200712
20070920,99.63279371,99.70996113,99.52668850,99.62314778,  624627, 1338481,200712
20070921,99.56527221,99.68102335,99.55562628,99.65208556,  541822, 1353803,200712
20070924,99.64243964,99.72443003,99.62797074,99.64726260,  354916, 1345927,200712
20070925,99.66173149,99.77265967,99.66173149,99.73407596,  537603, 1375522,200712
20070926,99.70031521,99.73407596,99.58938703,99.61832482,  596123, 1390741,200712
20070927,99.59420999,99.66655446,99.54598035,99.61832482,  688839, 1391952,200712
20070928,99.64243964,99.71960706,99.62797074,99.70031521,  427922, 1387516,200712
20071001,99.67137742,99.75819078,99.67137742,99.74372188,  455467, 1446267,200712
20071002,99.70996113,99.77748263,99.64726260,99.71960706,  505319, 1479937,200712
20071003,99.75336781,99.78230560,99.67620039,99.69549224,  414361, 1450365,200712
20071004,99.70996113,99.82088931,99.66173149,99.76301374,  673085, 1494921,200712
20071005,99.79677449,99.83535820,99.64726260,99.68584631,  701888, 1605467,200712
20071008,99.67137742,99.69549224,99.61832482,99.64243964,  290714, 1648101,200712
20071009,99.64243964,99.65690853,99.57974110,99.64243964,  490966, 1560726,200712
20071010,99.57974110,99.61832482,99.51704257,99.56527221,  793159, 1446721,200712
20071011,99.56527221,99.57491814,99.45434403,99.49775071,  687241, 1455386,200712
20071012,99.50739664,99.52668850,99.27107140,99.33859289,  884387, 1461174,200712
20071015,99.29036325,99.31930104,99.22766472,99.29036325,  672087, 1464333,200712
20071016,99.29518622,99.38199957,99.29518622,99.35306179,  682923, 1427138,200712
20071017,99.37717661,99.46881293,99.35306179,99.43022921,  668059, 1440225,200712
20071018,99.41093736,99.61350185,99.41093736,99.56527221,  906264, 1475309,200712
20071019,99.66173149,99.77748263,99.60385592,99.69066928,  714325, 1478983,200712
20071022,99.73407596,99.83053524,99.69066928,99.74854485,  666026, 1463262,200712
20071023,99.70513817,99.73889892,99.66173149,99.72443003,  431985, 1467091,200712
20071024,99.73407596,99.88841081,99.73407596,99.87394192,  917367, 1588299,200712
20071025,99.83535820,99.86911895,99.75819078,99.83535820,  579606, 1561183,200712
20071026,99.81124338,99.83535820,99.73889892,99.76301374,  475065, 1530483,200712
20071029,99.78712856,99.80159745,99.72443003,99.76783670,  369128, 1518340,200712
20071030,99.76301374,99.77748263,99.69549224,99.74854485,  560247, 1508710,200712
20071031,99.72925299,99.78230560,99.46881293,99.55562628,  837007, 1511219,200712
20071101,99.43022921,99.72925299,99.39646846,99.69066928,  839624, 1540316,200712
20071102,99.71478410,99.80642042,99.60385592,99.76783670,  939305, 1523005,200712
20071105,99.74854485,99.81124338,99.73407596,99.77748263,  533940, 1547578,200712
20071106,99.76783670,99.78230560,99.70031521,99.74854485,  524689, 1553834,200712
20071107,99.77748263,99.86911895,99.72925299,99.81606635,  547885, 1552243,200712
20071108,99.88841081,99.96075527,99.81606635,99.89323377,  886050, 1572030,200712
20071109,99.89805674,100.01863084,99.88358784,99.99933898,  740066, 1628422,200712
20071112,100.02345381,100.02827677,99.93181749,99.97040120,  276639, 1628328,200712
20071113,99.98487009,99.99933898,99.86429599,99.92699452,  570393, 1594633,200712
20071114,99.84982710,99.89323377,99.78712856,99.85947302,  653366, 1575211,200712
20071115,99.86911895,100.01380788,99.83053524,99.94146341,  623306, 1620554,200712
20071116,99.99933898,100.07168345,99.98004713,100.04756863,  751293, 1668149,200712
20071119,100.02345381,100.26942498,100.01380788,100.22119534,  717824, 1722765,200712
20071120,100.20672644,100.22601830,100.10544420,100.12473605,  746926, 1729525,200712
20071121,100.23084126,100.35141537,100.21154941,100.29353980,  887179, 1750154,200712
20071122,100.30800869,100.38517612,100.24531016,100.35141537,  404898, 1749849,200712
20071123,100.37070722,100.43822872,100.24531016,100.29353980,  575653, 1743522,200712
20071126,100.27424794,100.46234354,100.20190348,100.30318573,  392860, 1634677,200712
20071127,100.33212351,100.38035315,100.19225755,100.24531016,  808736, 1707686,200712
20071128,100.24048719,100.24531016,100.01380788,100.06686048,  969151, 1541968,200712
20071129,100.03792270,100.20672644,100.03309973,100.15849680,  673904, 1417797,200712
20071130,100.13438198,100.15367384,99.94146341,99.98004713,  727667, 1326218,200712
20071203,99.99933898,100.11026716,99.97522416,100.05721455,  777980, 1103530,200712
20071204,100.06686048,100.12955902,100.02827677,100.05721455, 1298783,  411729,200712
20071205,100.00898491,100.13438198,99.98969306,100.03309973,  446580,  411729,200712
20071206,100.25492035,100.35614899,100.13923047,100.18743459,  823885, 1590861,200803
20071207,100.14887129,100.16333253,99.91749154,99.92713236,  785710, 1529030,200803
20071210,99.95605483,100.01389977,99.78734042,99.80180166,  502355, 1521656,200803
20071211,99.80662207,99.98979771,99.78734042,99.86446701,  460239, 1500615,200803
20071212,99.86928742,99.93195277,99.57042190,99.67165055,  815415, 1538273,200803
20071213,99.68611178,99.77287919,99.62344643,99.70057302,  523180, 1482208,200803
20071214,99.66683013,99.69093219,99.59934437,99.62826684,  305825, 1481284,200803
20071217,99.63790766,99.69575260,99.61862602,99.63790766,  256724, 1531637,200803
20071218,99.65236890,99.69575260,99.57042190,99.63308725,  324350, 1515954,200803
20071219,99.62826684,99.78734042,99.62344643,99.66683013,  391444, 1562049,200803
20071220,99.71503425,99.75359754,99.63790766,99.70057302,  215163, 1595893,200803
20071221,99.70539343,99.70539343,99.59934437,99.61380561,  162014, 1613123,200803
20071227,99.65236890,99.65236890,99.48365449,99.54149943,  134870, 1611277,200803
20071228,99.54631984,99.65236890,99.53185861,99.64272808,  203899, 1628284,200803
20080102,99.65236890,99.95605483,99.60898520,99.90785071,  371242, 1649328,200803
20080103,99.88374866,100.00425895,99.88374866,99.96569565,  434693, 1631121,200803
20080104,99.96087524,100.09102635,99.94641401,100.05246306,  520233, 1666831,200803
20080107,100.06210389,100.06692430,99.96569565,100.03318142,  367100, 1690410,200803
20080108,100.01872018,100.02354059,99.91267113,99.94159360,  494640, 1667678,200803
20080109,99.99943853,100.13441006,99.97533648,100.11030800,  655845, 1697114,200803
20080110,100.10066718,100.18261418,100.03800183,100.07656512,  788677, 1734794,200803
20080111,100.12476924,100.16333253,100.03800183,100.11030800,  845945, 1802353,200803
20080114,100.16333253,100.24045911,100.14405088,100.18261418,  737632, 1774102,200803
20080115,100.21635706,100.31276529,100.14887129,100.25974076,  633468, 1804471,200803
20080116,100.32722652,100.47183887,100.26938158,100.42845517, 1131251, 1868409,200803
20080117,100.40917352,100.59234916,100.36096940,100.49594093, 1204349, 2002284,200803
20080118,100.53932463,100.63091245,100.51040216,100.58752875,  810298, 2024348,200803
20080121,100.71767986,100.82372892,100.65983492,100.78998604,  670049, 2058024,200803
20080122,100.90085550,101.27202720,100.66465533,100.68393698, 1608505, 2019131,200803
20080123,100.77070439,101.14669649,100.75624315,100.98762291, 1182918, 2089493,200803
20080124,100.79480645,100.93459838,100.46219805,100.54896546, 1314125, 2034158,200803
20080125,100.46701846,100.66947575,100.36096940,100.61163081,  898611, 2033566,200803
20080128,100.67911657,100.77552480,100.56824710,100.63091245,  541821, 2034012,200803
20080129,100.60198998,100.62609204,100.52486340,100.54896546,  545368, 2019455,200803
20080130,100.62609204,100.65501451,100.47183887,100.53932463,  600596, 2052434,200803
20080131,100.65019410,100.83819015,100.62609204,100.75624315,  789532, 2103608,200803
20080201,100.74660233,100.81408809,100.62609204,100.75624315,  858630, 2138433,200803
20080204,100.68393698,100.76106357,100.65501451,100.69839822,  417000, 2121462,200803
20080205,100.72732069,101.02618620,100.68875739,100.98280250,  941731, 2217291,200803
20080206,101.02618620,101.07921073,100.91049633,100.93941880,  733561, 2223884,200803
20080207,100.96834127,101.22382308,100.91531674,101.18525979, 1109679, 2251052,200803
20080208,101.11777402,101.30094967,101.05028826,101.19972102,  833472, 2307744,200803
20080211,101.28648843,101.31059049,101.12259444,101.25756596,  709650, 2354237,200803
20080212,101.22864349,101.31541090,101.07439032,101.08403114,  889340, 2326005,200803
20080213,101.23346390,101.25756596,101.08403114,101.15633732,  925191, 2410841,200803
20080214,101.06956991,101.10331279,100.97316168,101.06474950,  766708, 2388139,200803
20080215,101.02618620,101.19490061,100.94905962,101.15151691,  737041, 2425356,200803
20080218,101.09849238,101.11777402,100.97316168,100.99726373,  416727, 2379889,200803
20080219,101.00690456,101.12259444,100.92495756,101.06956991,  682869, 2396488,200803
20080220,101.02618620,101.05992909,100.84783098,100.95870044, 1162463, 2367033,200803
20080221,100.84783098,100.85265139,100.65019410,100.75142274, 1409029, 2316812,200803
20080222,100.82372892,100.87193303,100.69357780,100.76106357,  935134, 2186441,200803
20080225,100.72732069,100.80926768,100.62127163,100.73214110,  738790, 2206934,200803
20080226,100.74178192,100.81408809,100.60681040,100.68393698,  895226, 2152293,200803
20080227,100.72732069,100.83336974,100.68393698,100.71767986,  818339, 2038210,200803
20080228,100.73696151,100.92977797,100.71285945,100.89121468, 1219424, 1786158,200803
20080229,100.94905962,101.14187608,100.92495756,101.08403114, 1121956, 1643397,200803
20080303,101.14669649,101.15151691,100.94423921,101.00690456, 1181323, 1229110,200803
20080304,100.93459838,101.10813320,100.90085550,101.04064744, 1228187,  682693,200803
20080305,101.04064744,101.05510867,100.85747180,100.88639427,  876470,  682693,200803
20080306,101.08370813,101.23268574,100.89628469,100.97798209, 1325521, 2256140,200806
20080307,101.06448521,101.28074303,100.98278782,101.07890240, 1126702, 2171158,200806
20080310,101.17021126,101.32880032,101.09812532,101.27113157,  608353, 2164184,200806
20080311,101.22788001,101.23749147,100.89628469,100.95875917, 1076709, 2159758,200806
20080312,100.95875917,100.97317636,100.78575292,100.90589615, 1022187, 2220400,200806
20080313,101.01162219,101.12215396,100.90589615,100.99239928,  791636, 2232807,200806
20080314,100.97798209,101.28554876,100.76172427,101.08370813, 1260750, 2255803,200806
20080317,101.34321751,101.42491490,101.21826855,101.34802324,  862935, 2225432,200806
20080318,101.32880032,101.32880032,100.90589615,101.00201073,  943838, 2229236,200806
20080319,100.97798209,101.16059980,100.74730709,100.81458730, 1055905, 2163790,200806
20080320,100.84822740,100.94914771,100.65119250,100.66560969,  706640, 2182342,200806
20080325,100.55027219,100.55027219,100.28115135,100.36765448,  698612, 2110472,200806
20080326,100.33882010,100.46376906,100.21387114,100.36284875,  728356, 2040200,200806
20080327,100.37246021,100.52143781,100.34362583,100.44454615,  598848, 2073161,200806
20080328,100.39168313,100.43493469,100.31479146,100.35323729,  480070, 2082379,200806
20080331,100.39648885,100.47338052,100.36765448,100.44454615,  537325, 2090519,200806
20080401,100.41571177,100.44935188,100.23789979,100.29556854,  642376, 2126162,200806
20080402,100.26192844,100.30518000,100.11775656,100.16581385,  665511, 2118853,200806
20080403,100.17542531,100.34362583,100.12256229,100.27153989,  594656, 2158573,200806
20080404,100.22828833,100.35323729,100.22828833,100.30518000,  466889, 2172031,200806
20080407,100.25231698,100.26673417,100.07931073,100.17061958,  372701, 2165800,200806
20080408,100.16100812,100.21387114,100.13697948,100.18023104,  355581, 2165481,200806
20080409,100.20906542,100.34843156,100.16100812,100.23309406,  494443, 2176212,200806
20080410,100.29076281,100.41090604,100.26673417,100.32920865,  573259, 2195538,200806
20080411,100.27634562,100.47338052,100.25231698,100.42532323,  539447, 2196507,200806
20080414,100.49740917,100.49740917,100.37246021,100.43493469,  419971, 2183450,200806
20080415,100.40610031,100.43493469,100.19464823,100.29076281,  802044, 2153831,200806
20080416,100.21387114,100.26673417,100.07931073,100.10814510,  794317, 2133168,200806
20080417,100.09853364,100.12256229,99.82941281,99.93033312,  690124, 2132614,200806
20080418,99.89669302,99.91591593,99.48340030,99.60354354,  863361, 2135371,200806
20080421,99.66121229,99.78135552,99.63718364,99.73329822,  586731, 2079816,200806
20080422,99.72368677,99.74771541,99.44495447,99.53626333,  890573, 2101651,200806
20080423,99.59393208,99.68043520,99.56990343,99.63237791,  608144, 2114258,200806
20080424,99.59393208,99.83421854,99.51223468,99.60354354,  988463, 2120793,200806
20080425,99.56509770,99.69485239,99.49301176,99.64198937,  499400, 2082172,200806
20080428,99.62276645,99.77174406,99.59873781,99.69004666,  437868, 2081102,200806
20080429,99.63237791,99.83902427,99.63237791,99.81018989,  443317, 2103801,200806
20080430,99.77654979,99.84383000,99.72368677,99.80538416,  528240, 2111057,200806
20080502,99.77654979,99.86785864,99.59873781,99.67082374,  610220, 2144224,200806
20080505,99.73810395,99.74290968,99.62276645,99.67082374,  225240, 2135424,200806
20080506,99.70926958,99.84383000,99.64679510,99.78135552,  487013, 2135582,200806
20080507,99.74771541,99.80057843,99.68524093,99.75252114,  539207, 2156877,200806
20080508,99.80057843,99.93513885,99.76693833,99.87747010,  707276, 2169399,200806
20080509,99.90630448,100.01203052,99.89188729,99.95916750,  544097, 2159484,200806
20080512,99.93994458,99.95916750,99.79096697,99.85344145,  324403, 2153518,200806
20080513,99.80057843,99.88708156,99.61315499,99.67562947,  656861, 2151328,200806
20080514,99.62276645,99.64198937,99.48820603,99.52665187,  658339, 2140302,200806
20080515,99.50742895,99.52184614,99.29117114,99.36325707,  823157, 2161652,200806
20080516,99.39209145,99.43053728,99.31519978,99.40170291,  634964, 2111971,200806
20080519,99.36325707,99.44495447,99.30078260,99.33442270,  351588, 2078745,200806
20080520,99.34403416,99.41131437,99.32000551,99.37286853,  499148, 2063261,200806
20080521,99.39689718,99.40650864,99.13258207,99.18063936, 1041808, 2054072,200806
20080522,99.15661072,99.18544509,98.99802166,99.01724457,  735269, 2027425,200806
20080523,99.00282738,99.11335916,98.90190707,99.03646749,  667195, 2024128,200806
20080526,98.98360447,99.02205030,98.96918728,99.00282738,   94665, 1987954,200806
20080527,98.97879874,99.04607895,98.95477009,99.00282738,  566879, 1945380,200806
20080528,98.99321593,99.03646749,98.92593572,98.98841020,  621673, 1885081,200806
20080529,98.96438155,98.99321593,98.74812374,98.79137530,  781031, 1837616,200806
20080530,98.82020967,98.89710134,98.80579249,98.84423832,  589616, 1719624,200806
20080602,98.81540395,98.95957582,98.79618103,98.90190707,  871027, 1507704,200806
20080603,98.95957582,99.03646749,98.71928936,98.75292947, 1302355, 1031575,200806
20080604,98.83943259,98.86826697,98.75773519,98.79618103, 1139246,  491446,200806
20080605,98.80019901,98.81459158,98.25807885,98.33963675, 1384337, 1870228,200809
20080606,98.33963675,98.34923180,98.03259525,98.28206647, 1241207, 1930889,200809
20080609,98.21010362,98.32044666,98.08536801,98.15733086,  995900, 2005644,200809
20080610,98.14773581,98.31085161,97.97982249,98.22449619,  785806, 1977183,200809
20080611,98.16692591,98.42599218,98.14293829,98.31085161, 1267812, 2003239,200809
20080612,98.21490114,98.32044666,98.10935563,98.22929371,  766541, 2017306,200809
20080613,98.15733086,98.22929371,97.98941754,98.06617791,  769010, 1939718,200809
20080616,98.11415315,98.13814077,97.92704973,97.97022744,  465767, 1913370,200809
20080617,98.05178534,98.16212838,98.00381011,98.05178534,  639882, 1898903,200809
20080618,98.06617791,98.13334324,98.00860763,98.09976058,  505459, 1883500,200809
20080619,98.08057048,98.15253334,97.91265716,97.95583487,  723256, 1922205,200809
20080620,98.01340516,98.18131848,97.99421506,98.14773581,  423441, 1867060,200809
20080623,98.13334324,98.27726895,98.10935563,98.23409124,  417443, 1886877,200809
20080624,98.17652095,98.33963675,98.13334324,98.26287638,  496404, 1887223,200809
20080625,98.25328133,98.31085161,98.16692591,98.20050857,  523256, 1858984,200809
20080626,98.29166152,98.44518227,98.21969867,98.41159961,  670115, 1787172,200809
20080627,98.45477732,98.54593026,98.38761199,98.44038475,  597943, 1776008,200809
20080630,98.47876494,98.47876494,98.06617791,98.18131848,  790985, 1802010,200809
20080701,98.15733086,98.31564914,98.07097544,98.16212838,  712024, 1804572,200809
20080702,98.17652095,98.18131848,98.01820268,98.06617791,  553749, 1779668,200809
20080703,98.07577296,98.50755008,97.89346707,98.34923180, 1131622, 1744809,200809
20080704,98.45477732,98.54113274,98.43078970,98.47876494,  319939, 1721954,200809
20080707,98.46437236,98.68026092,98.45477732,98.54593026,  497328, 1732157,200809
20080708,98.62269064,98.68985597,98.47876494,98.53633522,  623526, 1677567,200809
20080709,98.51234760,98.59870302,98.35402932,98.49795503,  600510, 1651454,200809
20080710,98.60829807,98.61309559,98.45477732,98.55072779,  506856, 1654183,200809
20080711,98.46437236,98.64667826,98.42599218,98.50755008,  520478, 1644607,200809
20080714,98.46437236,98.57951293,98.36842189,98.55072779,  416896, 1636248,200809
20080715,98.56512036,98.78580644,98.55552531,98.68026092,  608437, 1632954,200809
20080716,98.69465349,98.75222378,98.61789312,98.63708321,  539649, 1643787,200809
20080717,98.62269064,98.62748816,98.49315751,98.57471541,  409508, 1628538,200809
20080718,98.56991788,98.60829807,98.23888876,98.29645904,  639836, 1624919,200809
20080721,98.30605409,98.34443428,98.10935563,98.11895067,  407394, 1634967,200809
20080722,98.18611600,98.29645904,98.15253334,98.19571105,  444917, 1645602,200809
20080723,98.14293829,98.27247142,98.11415315,98.18611600,  445875, 1655579,200809
20080724,98.28206647,98.60350055,98.25807885,98.47876494,  628867, 1638301,200809
20080725,98.58910798,98.65147578,98.44997979,98.48835998,  541394, 1604731,200809
20080728,98.52674017,98.63228569,98.47876494,98.60350055,  327568, 1590866,200809
20080729,98.62748816,98.69945102,98.57471541,98.62748816,  425241, 1599611,200809
20080730,98.64667826,98.73303368,98.59390550,98.68026092,  476412, 1587714,200809
20080731,98.65627330,98.82898415,98.55552531,98.74742625,  709749, 1609895,200809
20080801,98.76181882,98.80019901,98.68505845,98.73783120,  459292, 1617551,200809
20080804,98.75222378,98.80019901,98.72343863,98.78100892,  335656, 1634462,200809
20080805,98.77141387,98.82418663,98.75702130,98.77141387,  330993, 1652327,200809
20080806,98.79060396,98.88655443,98.73783120,98.80979406,  463921, 1658378,200809
20080807,98.78100892,99.11203804,98.75222378,99.02568261,  723382, 1693620,200809
20080808,99.08805042,99.16001327,99.02088509,99.11683556,  524046, 1699318,200809
20080811,99.09764547,99.12643061,98.94412472,99.03527766,  283316, 1658349,200809
20080812,99.04007519,99.16001327,99.03048014,99.12643061,  353679, 1677476,200809
20080813,99.10724051,99.21278603,99.08325290,99.18400089,  385738, 1689144,200809
20080814,99.12643061,99.19839346,99.10724051,99.15041823,  340638, 1691287,200809
20080815,99.16481080,99.23677365,99.13122813,99.17920337,  201399, 1693124,200809
20080818,99.16960832,99.24636870,99.15521575,99.21758355,  237719, 1682454,200809
20080819,99.20798851,99.36630678,99.16960832,99.25596374,  467048, 1744930,200809
20080820,99.21758355,99.28474888,99.07845537,99.19359594,  448566, 1702341,200809
20080821,99.24636870,99.27995136,99.03048014,99.04487271,  618661, 1691071,200809
20080822,99.04487271,99.06886033,98.90574453,98.95371976,  554986, 1750460,200809
20080825,99.05446776,99.17920337,98.98730243,99.16481080,  251730, 1732324,200809
20080826,99.11683556,99.30873650,99.10724051,99.19359594,  473836, 1667833,200809
20080827,99.16001327,99.27515384,98.98250490,99.00649252,  605514, 1624285,200809
20080828,99.12163308,99.12163308,98.85776929,98.93452967,  634950, 1592973,200809
20080829,98.95371976,99.04487271,98.91533957,98.99689747,  532056, 1549703,200809
20080901,98.99689747,99.18400089,98.96811233,99.12163308,  400114, 1480685,200809
20080902,99.09284794,99.13602566,98.91533957,99.01129004, 1005700, 1317563,200809
20080903,99.09284794,99.18400089,98.93932719,98.97290986, 1198384,  898231,200809
20080904,98.92973214,99.14082318,98.73303368,99.07845537, 1313521,  386532,200809
20080905,99.18426082,99.29898550,99.15079946,99.25596374,  827111, 1667430,200812
20080908,98.93569069,99.14123907,98.82574622,99.06953615,  656230, 1597617,200812
20080909,99.12211829,99.20816180,98.95003128,99.16992024,  511264, 1598389,200812
20080910,99.16035985,99.22250238,99.05519556,99.16035985,  850123, 1635471,200812
20080911,99.15557965,99.27986472,99.09821732,99.16992024,  784638, 1691171,200812
20080912,99.12211829,99.16514004,98.90700953,99.00739362,  712540, 1612261,200812
20080915,99.38502900,99.53799523,99.38024881,99.49019329,  935518, 1623859,200812
20080916,99.59057738,99.71486244,99.28464491,99.50931406,  914702, 1685495,200812
20080917,99.28464491,99.80090594,99.24162316,99.60013776,  957361, 1645483,200812
20080918,99.70052185,99.79612575,99.28464491,99.55711601,  747703, 1700741,200812
20080919,99.23684296,99.25596374,98.83052641,98.95003128,  887754, 1621371,200812
20080922,98.92613031,99.00739362,98.82574622,98.92613031,  457313, 1634638,200812
20080923,98.92135011,99.25596374,98.92135011,99.16035985,  716197, 1651943,200812
20080924,99.18426082,99.39458939,99.13645887,99.36590822,  619248, 1662200,200812
20080925,99.34678744,99.38024881,99.16514004,99.20816180,  680809, 1646914,200812
20080926,99.34200725,99.61925854,99.26552413,99.50931406,  592877, 1652573,200812
20080929,99.56189621,100.22634328,99.53321504,99.91085042,  786248, 1668099,200812
20080930,100.07815724,100.17854133,99.74832380,99.79134555,  681546, 1652864,200812
20081001,99.90607023,99.96821276,99.67662088,99.93953159,  632450, 1696325,200812
20081002,99.90607023,100.19288191,99.82480692,100.12117899,  738672, 1694755,200812
20081003,100.11639880,100.33150756,100.02079490,100.07815724,  795817, 1673439,200812
20081006,100.37452931,100.65178061,100.29326600,100.54183613,  604111, 1631168,200812
20081007,100.44145204,100.58963808,100.20722250,100.34584815,  903003, 1588520,200812
20081008,100.60875886,100.90991113,100.41277087,100.55617671, 1042886, 1653670,200812
20081009,100.50837477,100.61353905,100.28848581,100.46535301,  618270, 1651073,200812
20081010,100.71392314,100.81430723,100.33628776,100.54661632,  822131, 1645467,200812
20081013,100.37452931,100.46057282,100.15464036,100.26458483,  436334, 1646031,200812
20081014,100.18332152,100.28848581,100.03991568,100.18810172,  577900, 1622484,200812
20081015,100.19288191,100.47491340,100.16898094,100.33628776,  484786, 1707179,200812
20081016,100.50837477,100.73304392,100.41755107,100.71870334,  666008, 1755913,200812
20081017,100.61353905,100.78562606,100.49881438,100.55139652,  501619, 1683781,200812
20081020,100.51793516,100.66134100,100.35540853,100.65656080,  385537, 1659219,200812
20081021,100.61353905,100.80474684,100.51793516,100.71392314,  454861, 1716603,200812
20081022,100.84776859,100.96249327,100.78562606,100.86688937,  472838, 1699229,200812
20081023,100.86210918,101.05809716,100.78084587,100.88601015,  489307, 1676760,200812
20081024,101.05331697,101.25408515,100.99117444,101.12980008,  483801, 1742398,200812
20081027,101.21584359,101.32100787,101.14414067,101.29710690,  361053, 1722460,200812
20081028,101.16804164,101.43095235,101.12023969,101.32100787,  406446, 1713903,200812
20081029,101.32100787,101.47397411,101.25408515,101.37359002,  363271, 1681236,200812
20081030,101.32578807,101.53611664,101.26842573,101.52655625,  413728, 1648091,200812
20081031,101.51699586,101.62216014,101.24930495,101.35446924,  466766, 1670841,200812
20081103,101.34012865,101.43095235,101.23974456,101.35924943,  322918, 1653608,200812
20081104,101.42617216,101.52177605,101.29232671,101.31622768,  391436, 1647347,200812
20081105,101.34968904,101.46441372,101.14892086,101.34968904,  449806, 1641323,200812
20081106,101.38793060,101.86116988,101.36880982,101.48831469,  735137, 1596778,200812
20081107,101.54089683,101.60781956,101.45963352,101.53133644,  341592, 1604196,200812
20081110,101.49309488,101.58869878,101.38315041,101.56479781,  322154, 1604222,200812
20081111,101.61259975,101.67952248,101.49787508,101.65562151,  362496, 1632191,200812
20081112,101.62216014,101.80858774,101.57913839,101.79424715,  434222, 1645294,200812
20081113,101.78946696,101.87551046,101.71776404,101.78946696,  414987, 1612277,200812
20081114,101.74644521,101.88985105,101.66040170,101.88029066,  374396, 1643321,200812
20081117,101.83248871,101.96633416,101.81336793,101.92809261,  355314, 1623643,200812
20081118,101.97111436,102.00935592,101.89463124,101.90897183,  322675, 1599347,200812
20081119,101.98067475,101.98067475,101.87073027,101.90897183,  417367, 1571848,200812
20081120,102.00935592,102.23880527,101.96155397,102.10495981,  623808, 1515484,200812
20081121,102.11452020,102.12886079,101.90419163,102.04759748,  470947, 1551624,200812
20081124,102.05715786,102.06193806,101.72732443,101.88507085,  416344, 1396699,200812
20081125,101.82770852,101.93287280,101.63650073,101.77512637,  515256, 1325129,200812
20081126,101.83726891,101.90419163,101.76556599,101.83726891,  394049, 1293698,200812
20081127,101.79902735,101.91853222,101.73688482,101.80380754,  289324, 1279887,200812
20081128,101.84682930,102.02847670,101.80380754,101.85638969,  408523, 1202317,200812
20081201,101.89463124,102.09539942,101.88507085,102.00457572,  398932, 1068641,200812
20081202,102.01891631,102.09539942,101.94243319,102.00457572,  559340,  880536,200812
20081203,101.96155397,102.10974001,101.88029066,102.03325689,  684889,  671134,200812
20081204,102.06671825,102.25792604,101.78468676,101.97111436,  828570,  377313,200812
20081205,102.05748435,102.21478186,102.00505185,102.17188254,  560597, 1361338,200903
20081208,102.01935162,102.07178412,101.57129205,101.62849114,  353353, 1303613,200903
20081209,101.66662387,101.72382297,101.37586181,101.52362613,  347007, 1298507,200903
20081210,101.56652546,101.68092364,101.51409295,101.61895796,  349516, 1318007,200903
20081211,101.63802432,101.81438820,101.58082523,101.78102206,  225487, 1316588,200903
20081212,101.84775434,101.97645230,101.58082523,101.62372455,  296103, 1305076,200903
20081215,101.65232410,101.84775434,101.62372455,101.80962161,  218864, 1298703,200903
20081216,101.81915479,102.16711595,101.79055524,101.88112048,  269471, 1280823,200903
20081217,102.10038367,102.33871323,102.05271776,102.31964687,  353635, 1285323,200903
20081218,102.22908163,102.35301300,102.17664913,102.30534709,  259501, 1279989,200903
20081219,102.33871323,102.35301300,102.24338141,102.32441346,  159924, 1284518,200903
20081222,102.28151414,102.43404506,102.24338141,102.39114573,  153725, 1267984,200903
20081223,102.37684596,102.50077733,102.36731278,102.44834483,  117057, 1275052,200903
20081229,102.50077733,102.56274302,102.41974528,102.54844324,   87750, 1275785,200903
20081230,102.56750961,102.58657597,102.34824641,102.45311142,  103274, 1270669,200903
20090102,102.48171097,102.52937688,102.36731278,102.47694438,  148557, 1275453,200903
20090105,102.44834483,102.57704279,102.37207937,102.51031051,  277114, 1282034,200903
20090106,102.49124415,102.58657597,102.33394664,102.43881165,  313880, 1284403,200903
20090107,102.49124415,102.66760802,102.44357824,102.59134257,  417877, 1336243,200903
20090108,102.59134257,102.75340667,102.42927846,102.72004053,  456744, 1317202,200903
20090109,102.68190780,102.89163781,102.65330825,102.82967213,  340978, 1308564,200903
20090112,102.85350508,102.91070418,102.72957371,102.90117099,  350582, 1327893,200903
20090113,102.91070418,102.94883691,102.82490553,102.84397190,  489282, 1266467,200903
20090114,102.84397190,102.99173623,102.74387348,102.88687122,  565772, 1250589,200903
20090115,102.92023736,102.93930372,102.72004053,102.77723962,  541667, 1253247,200903
20090116,102.72957371,102.99650282,102.69144098,102.90117099,  388990, 1249453,200903
20090119,102.86780486,102.91547077,102.72957371,102.81060576,  300533, 1243086,200903
20090120,102.85350508,102.94883691,102.76770644,102.83920531,  364257, 1237667,200903
20090121,102.94407031,103.00603600,102.88210463,102.95360350,  400278, 1239523,200903
20090122,102.89163781,103.04416873,102.84873849,102.94883691,  526888, 1240236,200903
20090123,102.92977054,103.09183464,102.82013894,102.89640440,  490396, 1262450,200903
20090126,102.92500395,102.94407031,102.45787801,102.50077733,  616627, 1176359,200903
20090127,102.54367665,102.57227620,102.36254619,102.49601074,  519235, 1167401,200903
20090128,102.51507711,102.63424189,102.46264460,102.61517552,  384420, 1177365,200903
20090129,102.45787801,102.72004053,102.45311142,102.70574075,  456815, 1205171,200903
20090130,102.67237462,102.80583917,102.62947529,102.76770644,  423208, 1230931,200903
20090202,102.76770644,102.94407031,102.71050735,102.81060576,  315852, 1229273,200903
20090203,102.80583917,102.92500395,102.77247303,102.82967213,  341192, 1201846,200903
20090204,102.82013894,102.87733804,102.72480712,102.83443872,  419470, 1215396,200903
20090205,102.82967213,103.03463555,102.76770644,102.95837009,  557090, 1237998,200903
20090206,103.01556918,103.05846850,102.94407031,103.02986896,  345894, 1251188,200903
20090209,103.03940214,103.06800169,102.86780486,102.91070418,  342989, 1251651,200903
20090210,102.92500395,103.02033577,102.81537235,102.89163781,  447363, 1251156,200903
20090211,102.91547077,103.11090101,102.91547077,103.07276828,  407624, 1281355,200903
20090212,103.08230146,103.19669965,103.03940214,103.19193306,  516085, 1309816,200903
20090213,103.15380033,103.19669965,103.11090101,103.14426715,  246754, 1327303,200903
20090216,103.18239987,103.33016420,103.14903374,103.31586443,  232402, 1235523,200903
20090217,103.33016420,103.45409557,103.29679806,103.43026262,  400611, 1237484,200903
20090218,103.44456239,103.46362876,103.24913215,103.26819852,  391190, 1190938,200903
20090219,103.28726488,103.28726488,103.00603600,103.05846850,  574273, 1143764,200903
20090220,103.09183464,103.28726488,103.04416873,103.14426715,  551749, 1160832,200903
20090223,103.12996737,103.17763328,103.03940214,103.15380033,  273728, 1122699,200903
20090224,103.17763328,103.25866533,103.15380033,103.19669965,  353781, 1088676,200903
20090225,103.18716647,103.31109784,103.12996737,103.25866533,  449849,  984341,200903
20090226,103.21099942,103.21576601,103.05370191,103.08706805,  444150,  915967,200903
20090227,103.14903374,103.25389874,103.07753487,103.17763328,  412578,  908453,200903
20090302,103.22053260,103.38736330,103.19669965,103.33493079,  477175,  829023,200903
20090303,103.31586443,103.40166307,103.27773170,103.39212989,  573817,  625268,200903
20090304,103.35876375,103.43979580,103.32063102,103.40166307,  781725,  335592,200903
20090305,103.43507496,103.58771849,103.37306352,103.37306352,  770373, 1067175,200906
20090306,103.38737385,103.48277606,103.33013253,103.40645430,  326592, 1048115,200906
20090309,103.36352330,103.37783363,103.15840855,103.17271888,  359055, 1033275,200906
20090310,103.13455800,103.24904065,103.04392590,103.08685690,  481989, 1009630,200906
20090311,103.07254657,103.09162701,102.96760414,102.98191447,  489004, 1021122,200906
20090312,103.01530524,103.16317866,103.00576502,103.12024767,  335969, 1001207,200906
20090313,103.10593734,103.16794877,102.97714436,103.13932811,  376739, 1000559,200906
20090316,103.07254657,103.09639712,103.01053513,103.08685690,  258426,  998757,200906
20090317,103.07731668,103.12501778,102.91990303,102.94852369,  364617,  998228,200906
20090318,102.94375358,103.22519010,102.91513292,102.97714436,  360598,  973163,200906
20090319,103.20610966,103.23950043,102.93898347,103.00099491,  663203, 1005438,200906
20090320,102.97714436,103.16317866,102.96760414,103.15363844,  403322, 1016588,200906
20090323,103.07731668,103.18702922,103.04392590,103.12501778,  392383, 1014831,200906
20090324,103.09162701,103.09162701,102.95806391,102.99145469,  468830, 1015345,200906
20090325,102.97714436,103.04869601,102.92944325,102.96760414,  399179, 1016703,200906
20090326,102.90559270,102.98668458,102.86743182,102.95329380,  433529, 1008089,200906
20090327,102.98191447,103.21087977,102.98191447,103.19179933,  497119, 1042044,200906
20090330,103.11070745,103.29197165,103.11070745,103.24904065,  329262, 1053893,200906
20090331,103.26335098,103.33013253,103.25381076,103.31582220,  335634, 1061910,200906
20090401,103.32059231,103.35398308,103.25381076,103.30628198,  395199, 1064874,200906
20090402,103.27289120,103.31105209,102.88174215,102.90559270,  827448, 1090893,200906
20090403,102.83404104,102.88651226,102.63369640,102.74817905,  488000, 1090444,200906
20090406,102.65277685,102.79111005,102.63846651,102.76725950,  324965, 1081530,200906
20090407,102.76248939,102.87697204,102.73386872,102.82927093,  348505, 1096784,200906
20090408,102.89128237,102.98191447,102.84835137,102.91036281,  324428, 1086112,200906
20090409,102.85789159,103.03915579,102.84835137,102.96283402,  346299, 1094494,200906
20090414,103.05346612,103.10593734,102.97714436,102.99622480,  365636, 1088491,200906
20090415,103.02961557,103.12024767,103.02007535,103.11070745,  380613, 1074019,200906
20090416,103.10116723,103.10116723,102.94852369,103.03915579,  380034, 1072979,200906
20090417,103.03438568,103.03438568,102.81973071,102.85789159,  357642, 1077116,200906
20090420,102.87220193,103.05346612,102.83881115,103.02484546,  418336, 1070677,200906
20090421,103.00099491,103.05346612,102.90082259,102.98191447,  446049, 1070977,200906
20090422,102.96760414,102.98191447,102.84358126,102.87220193,  417793, 1072563,200906
20090423,102.89128237,102.94375358,102.82450082,102.90082259,  392888, 1058109,200906
20090424,102.92944325,103.07254657,102.90082259,103.02961557,  459863, 1087543,200906
20090427,103.10593734,103.19179933,103.02961557,103.04869601,  513820, 1119377,200906
20090428,103.14409822,103.20610966,103.10116723,103.13932811,  381277, 1094118,200906
20090429,103.12978789,103.16317866,103.05823623,103.15840855,  466289, 1099632,200906
20090430,103.13455800,103.16794877,102.99622480,103.08685690,  508890, 1113372,200906
20090504,103.14886833,103.15840855,102.94852369,102.98668458,  221305, 1099112,200906
20090505,102.98191447,103.11070745,102.96760414,103.08685690,  403603, 1079691,200906
20090506,103.12501778,103.16794877,103.01053513,103.14409822,  538641, 1135653,200906
20090507,103.15840855,103.17748899,102.91990303,103.07254657,  836947, 1149487,200906
20090508,103.07254657,103.24427054,103.02484546,103.18702922,  524672, 1164645,200906
20090511,103.21087977,103.26812109,103.08685690,103.14886833,  427997, 1137041,200906
20090512,103.12978789,103.15363844,103.00576502,103.06300634,  491866, 1126066,200906
20090513,103.03438568,103.26812109,103.02484546,103.22996021,  553800, 1116478,200906
20090514,103.22996021,103.32059231,103.19179933,103.27289120,  511180, 1118668,200906
20090515,103.29674176,103.32059231,103.22996021,103.27289120,  363682, 1097405,200906
20090518,103.30151187,103.35875319,103.27766131,103.34444286,  305207, 1105695,200906
20090519,103.31105209,103.32059231,103.17748899,103.18702922,  509991, 1100179,200906
20090520,103.18702922,103.20610966,103.10116723,103.12978789,  494518, 1105228,200906
20090521,103.13932811,103.33013253,103.12501778,103.27289120,  390933, 1116344,200906
20090522,103.19656944,103.24904065,103.15840855,103.18225911,  308957, 1106557,200906
20090525,103.13455800,103.15363844,102.93898347,103.00099491,  208131, 1077119,200906
20090526,103.00576502,103.11547756,102.97714436,103.03915579,  448213, 1071844,200906
20090527,102.96760414,103.04869601,102.95806391,103.02484546,  498400, 1099790,200906
20090528,102.98191447,103.08208679,102.96283402,103.06777645,  405252, 1055585,200906
20090529,103.06300634,103.24427054,103.06300634,103.19656944,  467212, 1039048,200906
20090601,103.20610966,103.22519010,103.12978789,103.19179933,  271622, 1015219,200906
20090602,103.16317866,103.25381076,103.11547756,103.22996021,  685555,  943752,200906
20090603,103.25381076,103.32536242,103.19179933,103.24904065,  933788,  578645,200906
20090604,103.23473032,103.29197165,102.95806391,103.01530524,  936553,  299902,200906
20090605,102.99622480,103.04869601,102.76248939,102.83881115,  381006,  299902,200906
20090608,102.68079404,102.89658051,102.67599879,102.79588016,  554622,  945040,200909
20090609,102.76231337,102.95891883,102.73354184,102.89658051,  545771,  904626,200909
20090610,102.81985643,102.90617102,102.80067541,102.88219475,  471731,  897089,200909
20090611,102.84383271,102.86301373,102.69517981,102.78149439,  514963,  863819,200909
20090612,102.82944694,102.91576153,102.82465169,102.86780898,  381772,  888825,200909
20090615,102.89658051,103.04043816,102.88699000,103.01646189,  365509,  902990,200909
20090616,103.02605240,103.09318597,102.97330459,103.05482393,  508119,  925808,200909
20090617,103.05961918,103.20827208,103.04043816,103.17470530,  658038,  910851,200909
20090618,103.14113851,103.25142938,103.08359546,103.19388632,  542805,  932056,200909
20090619,103.14593377,103.33294871,103.08839071,103.29938193,  430438,  938840,200909
20090622,103.34733448,103.35692499,103.27061040,103.32815346,  381025,  945986,200909
20090623,103.36172024,103.37131075,103.21786259,103.29938193,  562173,  969990,200909
20090624,103.30897244,103.48160162,103.30417718,103.44323958,  551094,  940972,200909
20090625,103.42405856,103.66382130,103.39049177,103.56791620,  660462,  969568,200909
20090626,103.65423079,103.65902605,103.47201111,103.55353044,  409446, 1017719,200909
20090629,103.60148299,103.61107350,103.45762534,103.47680636,  303387,  983448,200909
20090630,103.51037315,103.54393993,103.41446805,103.48160162,  505155,  994727,200909
20090701,103.54873518,103.56312095,103.49119213,103.52475891,  362956,  998122,200909
20090702,103.52475891,103.78370268,103.51996366,103.75013589,  646652, 1008238,200909
20090703,103.78849793,103.79808844,103.71177385,103.74054538,  201948, 1010848,200909
20090706,103.75972640,103.82685997,103.75013589,103.79808844,  307487, 1010873,200909
20090707,103.78370268,103.81247421,103.72136436,103.77411217,  327687, 1035355,200909
20090708,103.81247421,103.88440303,103.79329319,103.83645048,  370060, 1049982,200909
20090709,103.85083625,103.85563150,103.73095487,103.76452166,  423931, 1082930,200909
20090710,103.79329319,103.84124574,103.75013589,103.83165523,  262731, 1096517,200909
20090713,103.79329319,103.84604099,103.76931691,103.81247421,  246859, 1116739,200909
20090714,103.76931691,103.77411217,103.66382130,103.75972640,  420959, 1087932,200909
20090715,103.75493115,103.75493115,103.62545926,103.69738809,  338054, 1099787,200909
20090716,103.68779758,103.81726946,103.63984503,103.76931691,  416414, 1114528,200909
20090717,103.75013589,103.80288370,103.69259283,103.73575013,  272302, 1110083,200909
20090720,103.70697860,103.73095487,103.54873518,103.67820707,  389666, 1094879,200909
20090721,103.72136436,103.77411217,103.61586875,103.74054538,  424829, 1090450,200909
20090722,103.71177385,103.78370268,103.68779758,103.72136436,  341989, 1083688,200909
20090723,103.69259283,103.75972640,103.60627824,103.64943554,  548286, 1163142,200909
20090724,103.64943554,103.66861656,103.54393993,103.60148299,  394367, 1111581,200909
20090727,103.57750671,103.59668773,103.50078264,103.53914467,  369776, 1013439,200909
20090728,103.50557789,103.63025452,103.46721585,103.61107350,  458752, 1005397,200909
20090729,103.54873518,103.63025452,103.52475891,103.60627824,  388237, 1010281,200909
20090730,103.54393993,103.64464028,103.52955416,103.58230197,  388444, 1026225,200909
20090731,103.61107350,103.78849793,103.60148299,103.73095487,  423011, 1041874,200909
20090803,103.76931691,103.78849793,103.52955416,103.58230197,  402364,  984704,200909
20090804,103.53914467,103.62545926,103.43364907,103.48160162,  455565,  984165,200909
20090805,103.45762534,103.49119213,103.32335820,103.41446805,  538104,  980614,200909
20090806,103.36651550,103.47680636,103.30897244,103.39049177,  566906,  956175,200909
20090807,103.34733448,103.41446805,103.11716224,103.15072902,  527725,  971965,200909
20090810,103.07880020,103.28020091,103.05482393,103.24183887,  342599,  958304,200909
20090811,103.22265785,103.39049177,103.22265785,103.37131075,  439300,  942309,200909
20090812,103.35692499,103.47680636,103.35692499,103.42405856,  369253,  939028,200909
20090813,103.42405856,103.60627824,103.37610601,103.53434942,  488541,  960426,200909
20090814,103.58230197,103.70218334,103.55832569,103.67820707,  364596,  994815,200909
20090817,103.76931691,103.77411217,103.61107350,103.67820707,  313900,  992934,200909
20090818,103.66382130,103.67820707,103.56791620,103.66382130,  361411,  979240,200909
20090819,103.73095487,103.76931691,103.68300232,103.72615962,  343583,  998831,200909
20090820,103.69259283,103.76931691,103.65902605,103.75013589,  432013, 1013142,200909
20090821,103.78370268,103.79808844,103.53434942,103.57750671,  585893, 1017062,200909
20090824,103.57750671,103.74534064,103.54393993,103.64943554,  321342,  985803,200909
20090825,103.71656911,103.75972640,103.69738809,103.72136436,  302178,  963440,200909
20090826,103.72136436,103.81726946,103.66382130,103.79808844,  462867,  943932,200909
20090827,103.80767895,103.85083625,103.75013589,103.82206472,  382211,  903320,200909
20090828,103.85563150,103.85563150,103.76452166,103.83165523,  429336,  879034,200909
20090831,103.87001727,103.89878880,103.82206472,103.85083625,  220432,  863635,200909
20090901,103.89399354,104.01387491,103.85563150,103.92276507,  643855,  781131,200909
20090902,104.00907966,104.04264644,103.96112711,103.99948915,  814610,  641083,200909
20090903,103.98989864,104.07621323,103.92756033,104.05703221,  916066,  444613,200909
20090904,104.07621323,104.20088986,104.03305593,104.17691358,  848643,  218043,200909
20090907,104.22944672,104.27766760,104.15711539,104.26802343,  495827, 1141603,200912
20090908,104.27766760,104.28248969,104.21980254,104.25837925,  485669, 1184122,200912
20090909,104.26802343,104.32588849,104.19569210,104.23909089,  697522, 1225252,200912
20090910,104.25355716,104.40786400,104.24873507,104.32588849,  554010, 1233436,200912
20090911,104.35482102,104.39821982,104.33071058,104.38375355,  443885, 1239531,200912
20090914,104.37893147,104.38375355,104.29213387,104.30177805,  315489, 1219663,200912
20090915,104.31142222,104.32588849,104.21980254,104.27284551,  532748, 1228734,200912
20090916,104.29695596,104.33553267,104.19087001,104.26802343,  475012, 1236871,200912
20090917,104.25355716,104.25837925,104.15229330,104.19569210,  640592, 1251834,200912
20090918,104.25837925,104.29695596,104.17640374,104.21015836,  277205, 1280676,200912
20090921,104.20533627,104.29213387,104.14747121,104.26320134,  346335, 1269148,200912
20090922,104.22462463,104.26320134,104.16675956,104.25837925,  448558, 1288781,200912
20090923,104.22462463,104.34999893,104.18604792,104.28731178,  398274, 1293530,200912
20090924,104.32588849,104.43679653,104.32106640,104.41750817,  485527, 1297500,200912
20090925,104.37410938,104.40786400,104.33071058,104.37893147,  411183, 1264509,200912
20090928,104.38857564,104.39821982,104.34035476,104.38375355,  271370, 1264692,200912
20090929,104.35964311,104.37410938,104.25355716,104.33071058,  531084, 1244223,200912
20090930,104.32588849,104.33071058,104.18122583,104.31142222,  787965, 1177866,200912
20091001,104.32588849,104.42715235,104.21980254,104.38857564,  616823, 1209534,200912
20091002,104.42715235,104.48501742,104.36928729,104.42715235,  587698, 1210991,200912
20091005,104.44161862,104.46572906,104.40786400,104.42233026,  267944, 1206592,200912
20091006,104.38375355,104.41268609,104.35482102,104.38857564,  287325, 1226203,200912
20091007,104.40304191,104.44644071,104.37410938,104.38857564,  453285, 1243100,200912
20091008,104.36928729,104.41750817,104.30177805,104.37893147,  498008, 1237635,200912
20091009,104.31142222,104.31624431,104.10889450,104.12818285,  814957, 1209739,200912
20091012,104.09925032,104.23426881,104.07996197,104.21980254,  395895, 1233562,200912
20091013,104.20533627,104.30660014,104.17158165,104.30177805,  414281, 1244749,200912
20091014,104.26320134,104.27284551,104.17158165,104.21498045,  546912, 1258106,200912
20091015,104.18122583,104.19569210,104.01245273,104.12336077,  670525, 1255294,200912
20091016,104.01727481,104.09925032,104.01245273,104.08478406,  541620, 1252035,200912
20091019,104.02209690,104.08478406,103.98352019,104.05585152,  404912, 1236577,200912
20091020,104.04138526,104.18604792,104.03656317,104.15711539,  589213, 1245785,200912
20091021,104.13782703,104.17158165,104.07513988,104.11371659,  479705, 1257061,200912
20091022,104.09925032,104.17640374,104.07513988,104.14747121,  387394, 1264190,200912
20091023,104.10889450,104.15711539,104.04620735,104.11853868,  494449, 1276310,200912
20091026,104.09925032,104.18604792,104.07513988,104.18122583,  413072, 1268185,200912
20091027,104.14747121,104.34517684,104.14747121,104.30177805,  598523, 1290283,200912
20091028,104.32588849,104.36446520,104.29213387,104.34035476,  441728, 1303107,200912
20091029,104.36928729,104.36928729,104.19087001,104.21498045,  625704, 1273926,200912
20091030,104.22462463,104.37410938,104.21015836,104.34999893,  497099, 1308595,200912
20091102,104.32588849,104.36928729,104.29695596,104.33071058,  359618, 1307072,200912
20091103,104.35482102,104.44161862,104.32106640,104.36446520,  460977, 1334813,200912
20091104,104.34999893,104.35482102,104.29213387,104.31142222,  361965, 1319654,200912
20091105,104.34999893,104.39821982,104.20533627,104.32106640,  740600, 1331774,200912
20091106,104.33553267,104.43197444,104.32588849,104.39821982,  584441, 1346214,200912
20091109,104.39821982,104.47055115,104.37893147,104.45126280,  365283, 1365586,200912
20091110,104.46572906,104.50912786,104.43679653,104.47537324,  416875, 1388583,200912
20091111,104.48019533,104.50912786,104.43197444,104.49948368,  245345, 1391944,200912
20091112,104.51877204,104.56217083,104.47537324,104.54288248,  417618, 1440134,200912
20091113,104.55252666,104.58145919,104.51877204,104.55252666,  421019, 1429570,200912
20091116,104.58628128,104.63932425,104.55252666,104.59592546,  410591, 1461565,200912
20091117,104.60556963,104.65379052,104.57181501,104.61521381,  454116, 1460619,200912
20091118,104.64414634,104.64414634,104.59110337,104.62485799,  474691, 1455492,200912
20091119,104.64414634,104.67790096,104.58145919,104.66343470,  466701, 1439902,200912
20091120,104.67307887,104.70201141,104.56217083,104.58628128,  607355, 1411843,200912
20091123,104.60556963,104.61521381,104.48983950,104.55252666,  578871, 1421378,200912
20091124,104.58145919,104.61521381,104.54288248,104.59592546,  480876, 1411319,200912
20091125,104.58145919,104.59110337,104.50912786,104.54770457,  486174, 1405885,200912
20091126,104.56699292,104.74058812,104.55734875,104.71647767,  570866, 1369694,200912
20091127,104.73094394,104.88042869,104.67790096,104.69236723,  683426, 1321438,200912
20091130,104.70201141,104.72612185,104.63932425,104.68272305,  551937, 1239014,200912
20091201,104.71165558,104.74541020,104.63932425,104.71647767,  560839, 1155924,200912
20091202,104.68754514,104.76469856,104.66825679,104.74058812,  837610,  870189,200912
20091203,104.67307887,104.71647767,104.49466159,104.66825679, 1158788,  636371,200912
20091204,104.66343470,104.74541020,104.52841621,104.57181501, 1076788,  307223,200912
20091207,104.55666179,104.70699836,104.55666179,104.67790096,  711284, 1281820,201003
20091208,104.70214880,104.93492801,104.67790096,104.90098104,  689696, 1326809,201003
20091209,104.87673320,104.95917584,104.85733494,104.93977757,  530333, 1289868,201003
20091210,104.93492801,104.95917584,104.86218450,104.87673320,  478784, 1305621,201003
20091211,104.89128191,104.89613147,104.80883927,104.83308710,  398856, 1303470,201003
20091214,104.84763580,104.91068017,104.80883927,104.90098104,  288791, 1282627,201003
20091215,104.87188364,104.94462714,104.84278624,104.85733494,  387001, 1282485,201003
20091216,104.90098104,105.02706978,104.86218450,104.95432627,  395047, 1296411,201003
20091217,104.96402541,105.10951241,104.95432627,105.09011415,  372584, 1278828,201003
20091218,105.10466285,105.11921155,105.03191934,105.08041501,  280079, 1282498,201003
20091221,105.09011415,105.09496371,105.03676891,105.06101675,  217212, 1297143,201003
20091222,105.05131761,105.05131761,104.99312281,105.03191934,  228022, 1307644,201003
20091223,105.01737064,105.08041501,104.98342368,105.02706978,  217617, 1311753,201003
20091228,104.96402541,104.97372454,104.87673320,104.93007844,  105559, 1294833,201003
20091229,104.87673320,104.89128191,104.77974187,104.82823754,  226942, 1288864,201003
20091230,104.78944100,104.82823754,104.70214880,104.71184793,  240643, 1308238,201003
20100104,104.63910443,104.74579490,104.57121049,104.71669750,  430722, 1297680,201003
20100105,104.71669750,104.82338797,104.66335226,104.78459143,  562728, 1307079,201003
20100106,104.78944100,104.84278624,104.73124620,104.78459143,  395156, 1360537,201003
20100107,104.79914014,104.87188364,104.77004273,104.84763580,  510746, 1356292,201003
20100108,104.81368884,104.93977757,104.78944100,104.89613147,  494637, 1369653,201003
20100111,104.87673320,104.97372454,104.86703407,104.94947671,  374230, 1389713,201003
20100112,104.96402541,105.00767151,104.93977757,104.98827324,  498281, 1374444,201003
20100113,104.97857411,105.06101675,104.96402541,105.04646805,  472115, 1414968,201003
20100114,105.03191934,105.11436198,104.99312281,105.09981328,  586805, 1430131,201003
20100115,105.12406112,105.19680462,105.10466285,105.17740635,  510428, 1441578,201003
20100118,105.20165419,105.20650375,105.15800808,105.16770722,  282099, 1455430,201003
20100119,105.16770722,105.18710548,105.06101675,105.09496371,  549805, 1504540,201003
20100120,105.13860982,105.23560115,105.11921155,105.20650375,  636316, 1547185,201003
20100121,105.17740635,105.28894639,105.15800808,105.24045072,  723393, 1537519,201003
20100122,105.28894639,105.33259249,105.23560115,105.27439769,  620025, 1556088,201003
20100125,105.26954812,105.28894639,105.22590202,105.27439769,  385838, 1571684,201003
20100126,105.31804379,105.31804379,105.24530029,105.27439769,  503983, 1551232,201003
20100127,105.27439769,105.29864552,105.17740635,105.25014985,  707594, 1579563,201003
20100128,105.18225592,105.30349509,105.14830895,105.27439769,  711311, 1605146,201003
20100129,105.28894639,105.32289336,105.19195505,105.26954812,  598245, 1627206,201003
20100201,105.29864552,105.31319422,105.24530029,105.27439769,  401770, 1615704,201003
20100202,105.27924726,105.28894639,105.22590202,105.26954812,  415328, 1643395,201003
20100203,105.26469855,105.27924726,105.20165419,105.26469855,  460120, 1647284,201003
20100204,105.24530029,105.46838036,105.23560115,105.38108816,  748992, 1674495,201003
20100205,105.44413253,105.61871694,105.43928296,105.56537170, 1014396, 1744256,201003
20100208,105.56537170,105.57022127,105.51687603,105.54112387,  456798, 1742824,201003
20100209,105.54597343,105.55567257,105.37623859,105.52172560,  964566, 1841568,201003
20100210,105.38108816,105.52172560,105.37138903,105.45868123,  824462, 1818228,201003
20100211,105.42958383,105.47807950,105.37623859,105.45868123,  650747, 1849006,201003
20100212,105.47807950,105.61386737,105.46353080,105.59931867,  507418, 1847564,201003
20100215,105.58961954,105.62841607,105.56537170,105.60901780,  276541, 1867747,201003
20100216,105.61386737,105.63811520,105.57507083,105.60901780,  405432, 1905328,201003
20100217,105.60901780,105.64781434,105.57992040,105.62356650,  467315, 1887978,201003
20100218,105.60901780,105.64781434,105.58476997,105.59931867,  577427, 1917454,201003
20100219,105.56052213,105.60416824,105.48292906,105.57507083,  673500, 1838572,201003
20100222,105.58476997,105.61386737,105.55082300,105.60901780,  376118, 1821769,201003
20100223,105.60416824,105.74965524,105.57992040,105.71085871,  782617, 1882819,201003
20100224,105.70600914,105.79330134,105.68661087,105.75450481,  651967, 1781173,201003
20100225,105.79815091,105.87574398,105.79330134,105.85149615,  737395, 1778043,201003
20100226,105.84664658,105.90484138,105.81269961,105.84179701,  776320, 1566950,201003
20100301,105.85634571,105.90484138,105.78845178,105.87574398,  668457, 1428400,201003
20100302,105.87089441,105.89514225,105.80300048,105.85634571,  877158, 1186992,201003
20100303,105.88544311,105.89029268,105.81754918,105.84179701,  945900,  919406,201003
20100304,105.87089441,105.89999182,105.74480568,105.85634571, 1319056,  545924,201003
20100305,105.89049638,105.93437163,105.81249592,105.85149615,  871091, 1550977,201006
20100308,105.87587129,105.89537140,105.82224597,105.86124620,  421393, 1567419,201006
20100309,105.86124620,105.95874678,105.85149615,105.89537140,  549231, 1577025,201006
20100310,105.88562135,105.90999649,105.83687106,105.84174609,  453409, 1562119,201006
20100311,105.85637118,105.86124620,105.74424552,105.79299580,  610984, 1547579,201006
20100312,105.78812077,105.79787083,105.72474540,105.77349569,  457432, 1550075,201006
20100315,105.78324575,105.82712100,105.77349569,105.81737095,  264129, 1551412,201006
20100316,105.80762089,105.96362180,105.78812077,105.85637118,  458803, 1567374,201006
20100317,105.90512146,105.99287198,105.89049638,105.93924666,  493544, 1598612,201006
20100318,105.96362180,105.97824689,105.88074632,105.90024643,  434698, 1574924,201006
20100319,105.89537140,105.93437163,105.83687106,105.87587129,  469258, 1588265,201006
20100322,105.85149615,105.96849683,105.85149615,105.95387175,  364990, 1565999,201006
20100323,105.94412169,106.00749706,105.93437163,105.97824689,  348578, 1573067,201006
20100324,105.96362180,106.00749706,105.92462158,105.98312192,  612240, 1620751,201006
20100325,105.95387175,105.97337186,105.89537140,105.93437163,  552972, 1653044,201006
20100326,105.95387175,105.95874678,105.86612123,105.91974655,  470053, 1608773,201006
20100329,105.91487152,105.99774700,105.90512146,105.97337186,  347911, 1627745,201006
20100330,105.96849683,106.02699718,105.95874678,106.00262203,  387421, 1668320,201006
20100331,106.01724712,106.06599741,105.99287198,106.00749706,  590810, 1687732,201006
20100401,106.05137232,106.06112238,106.00262203,106.04162226,  371542, 1666243,201006
20100406,105.91487152,106.02699718,105.84662112,105.97337186,  696697, 1675590,201006
20100407,105.98799695,106.10987266,105.97824689,106.04162226,  479368, 1669690,201006
20100408,106.09037255,106.15862295,106.08062249,106.13424781,  515234, 1698194,201006
20100409,106.10987266,106.13424781,105.99774700,106.00749706,  664639, 1655933,201006
20100412,105.94899672,105.98799695,105.88074632,105.95387175,  529690, 1656853,201006
20100413,105.97337186,106.03187221,105.95387175,106.00749706,  450777, 1670627,201006
20100414,106.00262203,106.07087243,105.97824689,106.05624735,  535601, 1684421,201006
20100415,106.02699718,106.10499763,106.02212215,106.09037255,  528009, 1699951,201006
20100416,106.09524758,106.21712329,106.09037255,106.19762318,  540973, 1697023,201006
20100419,106.19762318,106.23662341,106.18787312,106.21712329,  394877, 1720769,201006
20100420,106.20737323,106.22687335,106.14887289,106.17324803,  554568, 1725554,201006
20100421,106.15862295,106.25124849,106.14887289,106.21712329,  529594, 1730007,201006
20100422,106.22687335,106.29024872,106.16837301,106.24637346,  651505, 1742729,201006
20100423,106.22687335,106.25612352,106.11962272,106.17812306,  664928, 1735607,201006
20100426,106.17324803,106.25124849,106.13424781,106.22199832,  485181, 1756585,201006
20100427,106.23662341,106.47549981,106.21712329,106.35362409,  858388, 1746314,201006
20100428,106.42674952,106.54862524,106.28537369,106.38287426, 1146528, 1733756,201006
20100429,106.42674952,106.45599969,106.35849912,106.39262432,  584419, 1744185,201006
20100430,106.43162455,106.47062478,106.36337415,106.46087472,  499571, 1760560,201006
20100503,106.42674952,106.43649958,106.33412398,106.38287426,  254136, 1748998,201006
20100504,106.39262432,106.63637575,106.37312421,106.56812535,  886648, 1738132,201006
20100505,106.60712558,106.87037713,106.57300038,106.77775158, 1264929, 1716425,201006
20100506,106.77775158,107.15312878,106.70462615,106.93862753, 1133805, 1716612,201006
20100507,107.02150301,107.04100313,106.81187678,106.89475227,  951145, 1669775,201006
20100510,106.71437621,106.86062707,106.49987495,106.78750164,  939246, 1708624,201006
20100511,106.81187678,106.91425238,106.80212672,106.83625193,  495359, 1691626,201006
20100512,106.87037713,106.90450233,106.80700175,106.87037713,  559576, 1695380,201006
20100513,106.85087701,106.99225284,106.84112695,106.95812764,  446329, 1725208,201006
20100514,106.99225284,107.07512833,106.95812764,107.03125307,  500278, 1664383,201006
20100517,107.07512833,107.07512833,106.95325261,107.01662798,  469111, 1650523,201006
20100518,107.00687793,107.14825376,106.96300267,107.00200290,  508802, 1681971,201006
20100519,107.15312878,107.15800381,107.04100313,107.09950347,  513923, 1635740,201006
20100520,107.06050324,107.24575433,107.02150301,107.16287884,  747387, 1677535,201006
20100521,107.11412856,107.19212901,107.07025330,107.11412856,  647198, 1655682,201006
20100524,107.08487838,107.15800381,107.04587816,107.10925353,  306336, 1639913,201006
20100525,107.18237896,107.25062936,107.12875364,107.18725398,  607939, 1595371,201006
20100526,107.16287884,107.20187907,107.11412856,107.15312878,  548741, 1589999,201006
20100527,107.13362867,107.19212901,107.08487838,107.11900358,  495954, 1590758,201006
20100528,107.10925353,107.22625421,107.10437850,107.16287884,  425213, 1547130,201006
20100531,107.15312878,107.22137919,107.14825376,107.16775387,  112060, 1444907,201006
20100601,107.16775387,107.29937964,107.16775387,107.24575433,  789544, 1284840,201006
20100602,107.23600427,107.27500450,107.22625421,107.25062936,  789959, 1031672,201006
20100603,107.23600427,107.27987953,107.16775387,107.26037941,  818380,  728382,201006
20100604,107.25062936,107.39688022,107.23600427,107.32375479,  967392,  299759,201006
20100607,107.39692691,107.45080907,107.34794314,107.38713016,  669863, 1482910,201009
20100608,107.38223178,107.49489446,107.36263827,107.46060582,  601245, 1523961,201009
20100609,107.45570744,107.46060582,107.38713016,107.41652042,  449693, 1516374,201009
20100610,107.41652042,107.42631718,107.30875612,107.36263827,  445039, 1495804,201009
20100611,107.34794314,107.48019933,107.33324801,107.47040258,  348785, 1510365,201009
20100614,107.41652042,107.46060582,107.37733340,107.40182529,  271719, 1496138,201009
20100615,107.43611393,107.48019933,107.32834963,107.39692691,  446391, 1482173,201009
20100616,107.36753665,107.47040258,107.35284152,107.43121556,  320528, 1496983,201009
20100617,107.45080907,107.46060582,107.34304476,107.37733340,  550722, 1481918,201009
20100618,107.38223178,107.38713016,107.22548370,107.24507721,  447906, 1486718,201009
20100621,107.21078857,107.25487397,107.14221128,107.18139830,  396027, 1492334,201009
20100622,107.21078857,107.34794314,107.19119506,107.31365450,  532307, 1485111,201009
20100623,107.30385774,107.36263827,107.26956910,107.29895936,  395098, 1486956,201009
20100624,107.28426423,107.42141880,107.27936585,107.40672367,  396699, 1475914,201009
20100625,107.36263827,107.41652042,107.31365450,107.33324801,  316138, 1466790,201009
20100628,107.33324801,107.36263827,107.27446748,107.33814638,  306116, 1443827,201009
20100629,107.37733340,107.43121556,107.35773989,107.38223178,  323686, 1439662,201009
20100630,107.41162205,107.43121556,107.26956910,107.30385774,  613554, 1455099,201009
20100701,107.30385774,107.30385774,107.04914211,107.15690641,  815021, 1441427,201009
20100702,107.11771939,107.21568694,107.11771939,107.17160155,  435047, 1444600,201009
20100705,107.18139830,107.26467072,107.17649992,107.24017883,  163074, 1431656,201009
20100706,107.23038208,107.24997559,107.13731290,107.20589019,  351720, 1422347,201009
20100707,107.23038208,107.25487397,107.14221128,107.16180479,  380210, 1426058,201009
20100708,107.13731290,107.16670317,107.02954860,107.07363400,  435252, 1446124,201009
20100709,107.06383724,107.06873562,106.91198754,106.99525996,  534324, 1434786,201009
20100712,106.97566645,107.17649992,106.97566645,107.14221128,  320978, 1426400,201009
20100713,107.13731290,107.18139830,107.03934535,107.09812588,  347579, 1451664,201009
20100714,107.05893886,107.10302426,106.99525996,107.00995509,  396928, 1440001,201009
20100715,107.04424373,107.05893886,106.93158105,106.99525996,  514506, 1420810,201009
20100716,106.98546320,107.02954860,106.92178429,107.00015833,  386101, 1408055,201009
20100719,107.00015833,107.04914211,106.88259727,106.91688592,  385508, 1410231,201009
20100720,106.91688592,107.02954860,106.90708916,107.00995509,  360475, 1388637,201009
20100721,107.01485347,107.16670317,106.99525996,107.10792264,  362319, 1419411,201009
20100722,107.16670317,107.20589019,107.13241453,107.16670317,  355993, 1434597,201009
20100723,107.19119506,107.20589019,107.01485347,107.07853237,  534324, 1433784,201009
20100726,107.05893886,107.09812588,106.89239403,106.91198754,  348356, 1435623,201009
20100727,106.90708916,106.91198754,106.77483297,106.83361350,  475421, 1439017,201009
20100728,106.81891837,106.93158105,106.80912161,106.86790214,  350570, 1447394,201009
20100729,106.90708916,106.95607294,106.85320701,106.89239403,  351515, 1444907,201009
20100730,106.93158105,107.02465022,106.90219078,106.99036158,  400355, 1442708,201009
20100802,106.96586969,107.02465022,106.93647943,107.01975184,  239070, 1442238,201009
20100803,107.01975184,107.13241453,107.00995509,107.10792264,  380434, 1435861,201009
20100804,107.12751615,107.17649992,107.07853237,107.10792264,  297068, 1440911,201009
20100805,107.11771939,107.12751615,106.99525996,107.08343075,  377925, 1450608,201009
20100806,107.11282102,107.14710966,107.04914211,107.08343075,  345749, 1451400,201009
20100809,107.08343075,107.14710966,107.06873562,107.13731290,  207217, 1438142,201009
20100810,107.14710966,107.31855287,107.12751615,107.17160155,  357390, 1440661,201009
20100811,107.24507721,107.36753665,107.20099181,107.34304476,  547077, 1440127,201009
20100812,107.32345125,107.43121556,107.29895936,107.41162205,  386399, 1414676,201009
20100813,107.40182529,107.45080907,107.34794314,107.42631718,  335607, 1424293,201009
20100816,107.43121556,107.46550420,107.39692691,107.41652042,  342991, 1416071,201009
20100817,107.42141880,107.44591069,107.35284152,107.36263827,  402672, 1404458,201009
20100818,107.41652042,107.42631718,107.38713016,107.41652042,  353636, 1419796,201009
20100819,107.40182529,107.44101231,107.33324801,107.40182529,  365519, 1410500,201009
20100820,107.40672367,107.53408148,107.37243503,107.52428473,  420056, 1394322,201009
20100823,107.49489446,107.54877662,107.47530095,107.51938635,  291736, 1369833,201009
20100824,107.52428473,107.61735390,107.50958960,107.56837013,  460480, 1317462,201009
20100825,107.60265877,107.61245552,107.51938635,107.56837013,  484602, 1311009,201009
20100826,107.55857337,107.56837013,107.49979284,107.51938635,  385550, 1278935,201009
20100827,107.51938635,107.53408148,107.44591069,107.48019933,  447830, 1245057,201009
20100830,107.55367499,107.58306526,107.50469122,107.55857337,  244444, 1236778,201009
20100831,107.53897986,107.59286201,107.53408148,107.57326850,  460091, 1181346,201009
20100901,107.56837013,107.62715066,107.48999609,107.53408148,  649241, 1048903,201009
20100902,107.53408148,107.56837013,107.48509771,107.52918311,  750823,  969929,201009
20100903,107.54387824,107.56347175,107.45080907,107.48999609,  795901,  886053,201009
20100906,107.45570744,107.53408148,107.45080907,107.48509771,  796572,  282315,201009
20100907,107.48509771,107.64184579,107.48019933,107.57816688,  521352,  282315,201009
20100908,107.62249836,107.66669450,107.51446336,107.52428473,  471475, 1240415,201012
20100909,107.54883814,107.55374882,107.35732155,107.38678564,  550147, 1221269,201012
20100910,107.39660701,107.42116041,107.27875065,107.30330406,  389618, 1221552,201012
20100913,107.29839337,107.34750019,107.26892928,107.28366133,  295017, 1223115,201012
20100914,107.30821474,107.38678564,107.29839337,107.33767883,  419612, 1221924,201012
20100915,107.30330406,107.34258951,107.23455451,107.27875065,  370854, 1228787,201012
20100916,107.25910792,107.25910792,107.10687679,107.16089429,  594609, 1211834,201012
20100917,107.11669815,107.27875065,107.08723406,107.21982247,  523187, 1193259,201012
20100920,107.21000110,107.21982247,107.12651952,107.15598361,  277372, 1184779,201012
20100921,107.17562633,107.26892928,107.11669815,107.17562633,  328833, 1166530,201012
20100922,107.24928656,107.30821474,107.21982247,107.28366133,  482884, 1172858,201012
20100923,107.24928656,107.42116041,107.24437588,107.40151769,  489277, 1175074,201012
20100924,107.35241087,107.41624973,107.30330406,107.32785746,  384202, 1170621,201012
20100927,107.34750019,107.38187496,107.33767883,107.34258951,  357676, 1161745,201012
20100928,107.34750019,107.40151769,107.28366133,107.33767883,  430409, 1151004,201012
20100929,107.34258951,107.36223223,107.20017974,107.22964383,  411626, 1156506,201012
20100930,107.23946519,107.29348269,107.07250202,107.13634088,  926122, 1153111,201012
20101001,107.09705543,107.13143020,107.01848452,107.10196611,  760521, 1172332,201012
20101004,107.13143020,107.20017974,107.10687679,107.16089429,  345183, 1181079,201012
20101005,107.15107293,107.24928656,107.15107293,107.21491179,  537977, 1172110,201012
20101006,107.22473315,107.28857201,107.21000110,107.26892928,  542759, 1194091,201012
20101007,107.25910792,107.28366133,107.12651952,107.20509042,  429378, 1189391,201012
20101008,107.21982247,107.25910792,107.18544770,107.25419724,  361687, 1204635,201012
20101011,107.25419724,107.28366133,107.21491179,107.24437588,  195684, 1222992,201012
20101012,107.26892928,107.34258951,107.19526906,107.30330406,  465525, 1248889,201012
20101013,107.19035838,107.29348269,107.17562633,107.27383997,  454292, 1271248,201012
20101014,107.29348269,107.31803610,107.21000110,107.24928656,  383915, 1255104,201012
20101015,107.22964383,107.26892928,107.11178747,107.21982247,  399796, 1220816,201012
20101018,107.16580497,107.19526906,107.04794861,107.08723406,  470938, 1216892,201012
20101019,107.05285929,107.10687679,107.00866316,107.04794861,  532569, 1224121,201012
20101020,107.05285929,107.06759134,106.91536021,106.93500293,  746907, 1207525,201012
20101021,106.93009225,106.95955634,106.84661066,106.87607475,  695364, 1254845,201012
20101022,106.86625339,106.89080680,106.83678930,106.86134271,  454357, 1266118,201012
20101025,106.86134271,106.97919907,106.85643203,106.93991362,  422278, 1238218,201012
20101026,106.91044953,106.93991362,106.79259317,106.84661066,  527518, 1235393,201012
20101027,106.84661066,106.86134271,106.74839703,106.83187862,  638118, 1232031,201012
20101028,106.84169998,106.89080680,106.78277180,106.80241453,  447732, 1251463,201012
20101029,106.81714657,106.92518157,106.80241453,106.88098544,  551461, 1293021,201012
20101101,106.88098544,106.94973498,106.85152135,106.91044953,  330987, 1265257,201012
20101102,106.87607475,106.92027089,106.85643203,106.87607475,  392573, 1264439,201012
20101103,106.88589612,106.95955634,106.88098544,106.93991362,  345412, 1241196,201012
20101104,106.92027089,107.07250202,106.87116407,107.01357384,  526883, 1222355,201012
20101105,106.98902043,107.10196611,106.97428839,107.03321657,  693268, 1222112,201012
20101108,107.04303793,107.05776997,106.98902043,107.01357384,  261341, 1225407,201012
20101109,107.05776997,107.08232338,106.95955634,107.01357384,  442680, 1224734,201012
20101110,106.99393111,107.06268066,106.92518157,107.03321657,  710938, 1268486,201012
20101111,107.07250202,107.14616224,107.05776997,107.07741270,  402391, 1242262,201012
20101112,107.12160884,107.13634088,106.88589612,106.94973498,  596026, 1242262,201012
20101115,106.90553884,106.95464566,106.87116407,106.91536021,  482156, 1242262,201012
20101116,106.88098544,106.97919907,106.86134271,106.88589612,  440608, 1242262,201012
20101117,106.88589612,106.98410975,106.88589612,106.94973498,  367114, 1179205,201012
20101118,106.90062816,106.93991362,106.79259317,106.83678930,  599510, 1185345,201012
20101119,106.84169998,106.88589612,106.81223589,106.82205726,  386307, 1169582,201012
20101122,106.80241453,106.98902043,106.79750385,106.96446702,  470362, 1154088,201012
20101123,107.00375248,107.20509042,106.99884179,107.16089429,  580593, 1134145,201012
20101124,107.17562633,107.26892928,107.03321657,107.09705543,  738820, 1115325,201012
20101125,107.07250202,107.17562633,107.06759134,107.11669815,  340342, 1128429,201012
20101126,107.17071565,107.23455451,107.14616224,107.17071565,  434748, 1110447,201012
20101129,107.18544770,107.23455451,107.09705543,107.20509042,  507882, 1079256,201012
20101130,107.22473315,107.32785746,107.20509042,107.31803610,  778460, 1015647,201012
20101201,107.30821474,107.33276814,107.21491179,107.27875065,  656168,  934667,201012
20101202,107.25419724,107.36223223,107.22473315,107.28366133,  666994,  854884,201012
20101203,107.30821474,107.34258951,107.25910792,107.29839337,  638203,  705858,201012
20101206,107.33276814,107.40151769,107.30330406,107.37696428, 1048277,  298149,201012
20101207,107.36714292,107.37696428,107.22473315,107.23455451,  434961,   22209,201012
20101208,107.37768583,107.39738997,107.11660604,107.14616224,  667152, 1010254,201103
20101209,107.17079241,107.17079241,107.05256760,107.09197587,  544209,  981730,201103
20101210,107.10182794,107.11168001,106.93434279,106.95897296,  475415,  971479,201103
20101213,106.89493452,107.04271553,106.77178367,106.99345519,  491150, 1004674,201103
20101214,106.95404692,107.07227174,106.89493452,106.93926882,  381446, 1010634,201103
20101215,106.93434279,107.01315933,106.90478658,106.99345519,  312100, 1007798,201103
20101216,106.92941675,106.99345519,106.91956469,106.94912089,  232661,  995681,201103
20101217,107.00330726,107.05749363,106.95404692,106.98852916,  209298,  999899,201103
20101220,107.03286346,107.06734570,106.97867709,107.04764157,  201640, 1010091,201103
20101221,106.95897296,107.04764157,106.95404692,107.03778950,  141968, 1014084,201103
20101222,107.01315933,107.21020068,106.99838123,107.20034862,  259549, 1001524,201103
20101223,107.17079241,107.32842550,107.17079241,107.21512672,  161990,  997912,201103
20101227,107.22990482,107.23975689,107.15108828,107.20034862,   58358,  997024,201103
20101228,107.19542258,107.38753790,107.19542258,107.37768583,  133451, 1000235,201103
20101229,107.32842550,107.39246394,107.30379533,107.34812963,  132731, 1002714,201103
20101230,107.37768583,107.43679824,107.34812963,107.39246394,  173598, 1018897,201103
20110103,107.46142841,107.53531892,107.43187221,107.50576271,  224668, 1031871,201103
20110104,107.53531892,107.54024495,107.41709411,107.46142841,  352539, 1066504,201103
20110105,107.47620651,107.49098461,107.24960895,107.28409119,  455546, 1074907,201103
20110106,107.28901723,107.35798170,107.24960895,107.33827756,  393878, 1087243,201103
20110107,107.34812963,107.42694617,107.28901723,107.41216807,  405314, 1134324,201103
20110110,107.41216807,107.42694617,107.34320360,107.41216807,  272923, 1129443,201103
20110111,107.38753790,107.43679824,107.32842550,107.33827756,  409126, 1167439,201103
20110112,107.35798170,107.36290773,107.15601431,107.16586638,  637987, 1155139,201103
20110113,107.17571845,107.20034862,106.90971262,106.97867709, 1053544, 1137635,201103
20110114,106.89986055,106.95404692,106.82104401,106.84567418,  740242, 1186725,201103
20110117,106.82597004,106.96389899,106.77670970,106.89986055,  559336, 1162299,201103
20110118,106.86045228,106.87523038,106.73730143,106.76685764,  706199, 1156538,201103
20110119,106.79641384,106.88508245,106.79148781,106.86537831,  574291, 1168453,201103
20110120,106.86537831,106.89000848,106.63385472,106.67818903,  761016, 1196224,201103
20110121,106.64370679,106.69296713,106.58952042,106.62892869,  515508, 1255572,201103
20110124,106.57474232,106.71759730,106.55011215,106.67818903,  500410, 1307480,201103
20110125,106.66833696,106.76193160,106.64370679,106.68311506,  646148, 1288853,201103
20110126,106.67326299,106.69296713,106.55011215,106.59937249,  717095, 1299826,201103
20110127,106.55996422,106.60429852,106.45651750,106.47129561,  757150, 1342066,201103
20110128,106.50085181,106.54518611,106.36784890,106.48607371,  786457, 1323886,201103
20110131,106.51070388,106.51562991,106.40233113,106.47622164,  515155, 1331065,201103
20110201,106.43188734,106.54026008,106.40233113,106.44173940,  649118, 1354503,201103
20110202,106.42203527,106.47622164,106.27425425,106.32844062,  724789, 1370400,201103
20110203,106.27425425,106.55996422,106.25947615,106.54026008,  947410, 1357977,201103
20110204,106.50085181,106.52548198,106.33829269,106.35799683,  642478, 1399290,201103
20110207,106.31366252,106.50577784,106.30873649,106.48607371,  491348, 1391158,201103
20110208,106.46636957,106.55996422,106.33336666,106.37277493,  675271, 1385960,201103
20110209,106.32351459,106.41710923,106.30381046,106.32351459,  739741, 1403091,201103
20110210,106.37770096,106.46144354,106.33336666,106.36292286,  630996, 1394131,201103
20110211,106.37277493,106.49592578,106.36784890,106.46636957,  560858, 1392629,201103
20110214,106.43188734,106.49592578,106.41218320,106.46636957,  356055, 1404738,201103
20110215,106.42696130,106.46636957,106.35307079,106.44173940,  575834, 1447717,201103
20110216,106.44666544,106.54518611,106.43188734,106.47129561,  710328, 1450353,201103
20110217,106.51562991,106.65848489,106.50085181,106.64370679,  826323, 1407006,201103
20110218,106.61907662,106.65848489,106.45651750,106.47129561,  787024, 1421457,201103
20110221,106.53533405,106.54026008,106.43681337,106.51070388,  511491, 1386062,201103
20110222,106.54026008,106.58952042,106.36784890,106.42696130, 1048760, 1417492,201103
20110223,106.44666544,106.45159147,106.32351459,106.39247906,  947060, 1439482,201103
20110224,106.39740510,106.48607371,106.38755303,106.43188734,  571133, 1388332,201103
20110225,106.42203527,106.44173940,106.34814476,106.41710923,  499967, 1359707,201103
20110228,106.42203527,106.49099974,106.41218320,106.46144354,  611422, 1694875,201103
20110301,106.44666544,106.48607371,106.40725717,106.45159147,  651495, 1642377,201103
20110302,106.49592578,106.51070388,106.40725717,106.43681337,  590148, 1521364,201103
20110303,106.38262700,106.42203527,105.99839636,106.05258273, 1635532,  871064,201103
20110304,106.02795256,106.13139927,105.98361826,106.07721290, 1176178, 1587798,201103
20110307,106.08230147,106.10209848,106.00806267,106.04765670,  901820, 2054314,201106
20110308,106.01796117,106.10209848,106.01796117,106.06250446,  596656, 1827809,201106
20110309,106.04765670,106.13179401,106.04270744,106.10704774,  428140, 1436383,201106
20110310,106.12684475,106.21593132,106.10704774,106.18623580,  601630, 1817664,201106
20110311,106.22582982,106.30996714,106.22582982,106.29017012,  560714, 1456517,201106
20110314,106.28522087,106.36935818,106.18128654,106.30996714,  693646, 1453385,201106
20110315,106.46834325,106.67621190,106.41885071,106.53763280, 1270824, 1453177,201106
20110316,106.48814026,106.82468951,106.44854624,106.69600892, 1088476, 1348303,201106
20110317,106.70590742,106.71085668,106.44359698,106.47329250,  871637, 1333312,201106
20110318,106.47329250,106.55248056,106.26047460,106.29017012,  674475, 1329485,201106
20110321,106.28522087,106.31491639,106.13179401,106.14664177,  665038, 1393335,201106
20110322,106.14169251,106.24562684,106.09219998,106.19613430,  674110, 1434724,201106
20110323,106.23572833,106.32976415,106.22088057,106.26542385,  629018, 1397383,201106
20110324,106.32976415,106.38915519,106.24562684,106.27532236,  633908, 1402929,201106
20110325,106.23572833,106.26542385,106.18128654,106.21593132,  398543, 1417409,201106
20110328,106.16643878,106.20108356,106.11694625,106.17138803,  572542, 1437094,201106
20110329,106.19118505,106.19613430,106.08725072,106.11199699,  562033, 1420560,201106
20110330,106.08230147,106.17138803,106.06745371,106.14664177,  542421, 1455869,201106
20110331,106.17633729,106.19118505,106.03775819,106.09219998,  749956, 1420457,201106
20110401,106.01796117,106.05260595,105.94372237,106.01301192,  752102, 1423353,201106
20110404,106.02785968,106.05260595,105.98826565,106.04765670,  334085, 1443138,201106
20110405,106.01796117,106.06250446,105.97341789,106.02291043,  352372, 1446029,201106
20110406,105.96846864,106.03280893,105.96846864,105.99816416,  502867, 1456081,201106
20110407,105.97836714,106.05260595,105.90907759,106.01301192,  846743, 1483650,201106
20110408,105.99321491,105.99321491,105.83978804,105.85958506,  551075, 1471488,201106
20110411,105.84473730,105.87443282,105.80019402,105.83978804,  322264, 1456625,201106
20110412,105.89422983,106.00311341,105.87443282,105.97341789,  581600, 1466460,201106
20110413,105.96351938,106.02785968,105.86948357,105.95362088,  617231, 1491922,201106
20110414,106.00311341,106.08230147,105.96351938,105.97836714,  662252, 1499997,201106
20110415,105.97836714,106.04270744,105.93877312,106.01796117,  499726, 1505156,201106
20110418,106.03280893,106.26047460,105.99321491,106.25057609,  831589, 1514441,201106
20110419,106.30006863,106.30996714,106.09219998,106.15159102,  649770, 1528194,201106
20110420,106.12189550,106.12189550,106.02291043,106.08230147,  560518, 1529902,201106
20110421,106.04765670,106.23572833,106.03775819,106.22088057,  528877, 1541147,201106
20110426,106.26542385,106.28522087,106.21098206,106.27532236,  321436, 1514401,201106
20110427,106.28027161,106.29511937,106.02785968,106.12684475,  518018, 1498669,201106
20110428,106.18128654,106.23572833,106.11694625,106.19613430,  556479, 1507360,201106
20110429,106.18623580,106.22582982,106.12684475,106.21593132,  301365, 1512014,201106
20110502,106.19118505,106.19613430,106.10704774,106.14664177,  232661, 1519594,201106
20110503,106.16148953,106.17138803,105.99816416,106.03775819,  648489, 1558499,201106
20110504,106.06250446,106.06250446,105.89422983,105.93877312, 1068283, 1576111,201106
20110505,105.90907759,106.28522087,105.87938207,106.22088057, 1301020, 1584969,201106
20110506,106.24562684,106.35451042,106.16148953,106.21593132,  967481, 1618012,201106
20110509,106.28027161,106.39905370,106.22582982,106.37430743,  734273, 1564809,201106
20110510,106.35945967,106.36935818,106.27037311,106.34461191,  648519, 1578247,201106
20110511,106.30996714,106.41390146,106.27037311,106.34461191,  806540, 1583714,201106
20110512,106.38420594,106.46339400,106.33966266,106.41390146,  753180, 1592187,201106
20110513,106.34956116,106.42874922,106.28522087,106.37925669,  601471, 1576082,201106
20110516,106.40895221,106.41885071,106.30501788,106.32481490,  493636, 1597046,201106
20110517,106.33966266,106.38915519,106.26542385,106.37430743,  573415, 1597816,201106
20110518,106.31491639,106.37430743,106.30006863,106.34461191,  519228, 1588619,201106
20110519,106.28522087,106.33966266,106.21593132,106.30006863,  694821, 1605265,201106
20110520,106.30501788,106.42379997,106.29511937,106.41885071,  599810, 1620570,201106
20110523,106.46339400,106.59207459,106.43864773,106.55742982,  783437, 1604873,201106
20110524,106.54258205,106.57722683,106.49803877,106.51288653,  692072, 1615472,201106
20110525,106.60197310,106.68116115,106.57227758,106.64156713,  903404, 1586220,201106
20110526,106.60692235,106.72075518,106.55742982,106.70095817,  718152, 1551901,201106
20110527,106.73065369,106.80489249,106.67621190,106.77024772,  708364, 1525402,201106
20110530,106.80489249,106.80489249,106.74550145,106.76529847,  141063, 1477237,201106
20110531,106.74055220,106.74055220,106.61682086,106.71580593,  843577, 1353892,201106
20110601,106.67126265,106.74550145,106.63661787,106.69600892,  939170, 1188469,201106
20110602,106.73560294,106.74550145,106.58712534,106.66136414,  691516, 1070401,201106
20110603,106.61682086,106.74550145,106.53268355,106.58217608, 1031726,  843559,201106
20110606,106.56732832,106.64651638,106.56237907,106.62671937, 1330768,  314782,201106
20110607,106.62671937,106.66136414,106.51783579,106.53763280,  636651,   32384,201106
20110608,106.43846333,106.56248279,106.41365944,106.51783579,  590237, 1474515,201109
20110609,106.54263968,106.67161992,106.40373788,106.62201213,  893825, 1503100,201109
20110610,106.62201213,106.83532561,106.61705136,106.80060016,  652875, 1480107,201109
20110613,106.81052172,106.87005106,106.77083549,106.80060016,  326887, 1485738,201109
20110614,106.78571782,106.81052172,106.68154148,106.70138459,  581348, 1464736,201109
20110615,106.72122770,106.94942352,106.71626693,106.87005106,  888272, 1474296,201109
20110616,106.96430585,107.06352142,106.90477651,107.04367831, 1060525, 1508696,201109
20110617,107.03375675,107.04367831,106.85516872,106.88989417,  760211, 1463082,201109
20110620,106.93454118,107.03375675,106.87005106,106.91469807,  517898, 1455288,201109
20110621,106.89981573,106.96430585,106.84028639,106.86509028,  478591, 1421076,201109
20110622,106.86509028,106.99407052,106.82044327,106.95934507,  549430, 1412268,201109
20110623,106.95438429,107.24210945,106.94942352,107.22226633,  719508, 1361146,201109
20110624,107.13297232,107.28179567,107.09824687,107.22722711,  666906, 1348744,201109
20110627,107.28179567,107.28179567,107.12801154,107.16273699,  553366, 1365955,201109
20110628,107.16769777,107.19250166,106.93950196,107.00895286,  749221, 1357689,201109
20110629,106.97422741,106.98910974,106.77579627,106.83532561,  831935, 1319230,201109
20110630,106.82540405,106.86509028,106.63689447,106.71130615,  770294, 1308735,201109
20110701,106.73611004,106.75099238,106.59720824,106.66169836,  649261, 1313529,201109
20110704,106.68154148,106.71130615,106.58728669,106.62201213,  235499, 1306348,201109
20110705,106.61209058,106.72122770,106.60712980,106.66169836,  502469, 1265233,201109
20110706,106.67161992,106.86509028,106.66169836,106.80556094,  831315, 1293777,201109
20110707,106.75595315,106.93950196,106.70138459,106.76091393,  806703, 1334443,201109
20110708,106.78075705,107.06352142,106.74107082,107.05359986,  772826, 1353629,201109
20110711,107.04863908,107.47526604,107.03375675,107.43061903, 1042639, 1426571,201109
20110712,107.47526604,107.85724598,107.29667801,107.39589358, 1320535, 1463173,201109
20110713,107.42069747,107.50503071,107.26195256,107.39093280,  778863, 1283473,201109
20110714,107.39589358,107.52487382,107.36612891,107.41077591,  496176, 1265866,201109
20110715,107.45542292,107.60424628,107.43061903,107.50503071,  531364, 1270887,201109
20110718,107.58936394,107.64393250,107.50999148,107.55959927,  408977, 1281595,201109
20110719,107.54471693,107.57448161,107.38597202,107.44550136,  641969, 1255791,201109
20110720,107.45542292,107.47526604,107.28675645,107.30659957,  627814, 1246821,201109
20110721,107.26691334,107.32148190,107.05359986,107.09824687,  837778, 1234678,201109
20110722,107.06352142,107.23714867,106.93454118,107.19746244,  674959, 1247349,201109
20110725,107.14289388,107.35620735,107.14289388,107.28675645,  399190, 1229349,201109
20110726,107.22226633,107.31156035,107.16273699,107.24707022,  510483, 1208338,201109
20110727,107.24707022,107.43061903,107.24707022,107.40581514,  552764, 1220806,201109
20110728,107.42565825,107.50006993,107.38101124,107.41573669,  497961, 1221931,201109
20110729,107.50999148,107.62905017,107.46038370,107.58440316,  584957, 1229498,201109
20110801,107.55959927,107.76299119,107.50503071,107.71834418,  584530, 1223184,201109
20110802,107.73322652,107.93661844,107.68361873,107.83740287,  743031, 1220330,201109
20110803,107.91181454,107.98126544,107.72330496,107.81259897,  614162, 1232259,201109
20110804,107.78779508,108.28387293,107.64393250,108.14001035,  957449, 1263626,201109
20110805,108.30371604,108.48726485,107.95646155,108.31363760, 1006494, 1263119,201109
20110808,108.22434359,108.62616665,108.11520646,108.43765706,  664867, 1260317,201109
20110809,108.50710796,108.63112742,108.34340227,108.39301006,  789608, 1278761,201109
20110810,108.54183341,108.82459779,108.43269628,108.72538222,  758993, 1210130,201109
20110811,108.66089209,108.84444090,108.52199030,108.61624509,  762980, 1270083,201109
20110812,108.66585287,108.68569599,108.45253940,108.55671575,  485220, 1234734,201109
20110815,108.51702952,108.56663730,108.42277473,108.48230407,  392968, 1242457,201109
20110816,108.49718640,108.62120587,108.33844149,108.48726485,  465920, 1229328,201109
20110817,108.55671575,108.61128431,108.45253940,108.52199030,  506787, 1222689,201109
20110818,108.61128431,108.92877413,108.57655886,108.82459779,  582700, 1223921,201109
20110819,108.85932323,108.88908791,108.62616665,108.68569599,  656419, 1264572,201109
20110822,108.68073521,108.78987234,108.57655886,108.65097054,  370593, 1258693,201109
20110823,108.67577443,108.77995078,108.56663730,108.67081365,  500732, 1231308,201109
20110824,108.66585287,108.69065677,108.46742173,108.55175497,  485876, 1241198,201109
20110825,108.52695108,108.69065677,108.40293161,108.65097054,  502073, 1246690,201109
20110826,108.65097054,108.78987234,108.58648042,108.62120587,  417483, 1244749,201109
20110829,108.59144120,108.66089209,108.38308850,108.43269628,  284939, 1249099,201109
20110830,108.49222563,108.65593132,108.47734329,108.60136275,  445567, 1237076,201109
20110831,108.55175497,108.63608820,108.46742173,108.48230407,  594769, 1141606,201109
20110901,108.51206874,108.70553910,108.48230407,108.65097054,  696586, 1078058,201109
20110902,108.69065677,108.91885258,108.68569599,108.83948012,  712303,  909470,201109
20110905,108.88908791,109.10736216,108.88412713,109.05279360,  945667,  647536,201109
20110906,109.05279360,109.08751905,108.94861725,109.03791126,  980633,  278559,201109
20110907,108.95853880,109.03295048,108.90893102,108.91885258,  464862,   45135,201109
20110908,108.89902188,109.02793754,108.83456405,108.92381336,  528473, 1122192,201112
20110909,108.98827118,109.13702002,108.97835459,109.10727025,  520899, 1112788,201112
20110912,109.14197831,109.16181149,108.97835459,109.01306266,  441118, 1103414,201112
20110913,108.99322948,109.10727025,108.82464747,108.84448064,  568188, 1095584,201112
20110914,108.90398018,108.93372994,108.66102375,108.77010623,  676711, 1081277,201112
20110915,108.70564840,108.74531475,108.46269197,108.63127398,  692921, 1092519,201112
20110916,108.64614886,108.86927212,108.61639910,108.78498111,  541729, 1107749,201112
20110919,108.88414700,108.95852142,108.85935553,108.91885506,  338577, 1109049,201112
20110920,108.95356312,109.01306266,108.86927212,108.92381336,  404376, 1120246,201112
20110921,108.94860483,108.99322948,108.89902188,108.95356312,  461415, 1107231,201112
20110922,109.00314607,109.10727025,108.96843801,109.00810436,  582916, 1115286,201112
20110923,109.07752048,109.19156126,108.98827118,109.04281242,  572521, 1136834,201112
20110926,109.11222855,109.12710343,108.86927212,108.94860483,  613652, 1124378,201112
20110927,108.85935553,108.86927212,108.67589863,108.74035646,  760629, 1130004,201112
20110928,108.76018964,108.81968917,108.57673274,108.67589863,  700273, 1149317,201112
20110929,108.68085693,108.76514793,108.58664933,108.61144080,  481279, 1148029,201112
20110930,108.66598204,108.77506452,108.61144080,108.71060669,  557437, 1159246,201112
20111003,108.78002281,108.94364653,108.76514793,108.86431382,  426004, 1147819,201112
20111004,108.92877165,109.02793754,108.89902188,108.93868824,  633416, 1136788,201112
20111005,108.91885506,108.95852142,108.82464747,108.84943894,  564565, 1151726,201112
20111006,108.85935553,108.93372994,108.53210809,108.58169104,  968085, 1155574,201112
20111007,108.57177445,108.71556499,108.48748344,108.62135739,  570340, 1176190,201112
20111010,108.67589863,108.69573181,108.51723321,108.56185786,  392032, 1392880,201112
20111011,108.57177445,108.65110716,108.53706638,108.55689956,  388171, 1164488,201112
20111012,108.59656592,108.61144080,108.35856778,108.46269197,  508504, 1149764,201112
20111013,108.46269197,108.63623227,108.38335926,108.59160762,  473563, 1154375,201112
20111014,108.54202468,108.62135739,108.48252515,108.51723321,  407167, 1150106,201112
20111017,108.47756685,108.76514793,108.47756685,108.69573181,  528844, 1133426,201112
20111018,108.74531475,108.80977258,108.63623227,108.71556499,  639153, 1132770,201112
20111019,108.66102375,108.71060669,108.56185786,108.62135739,  523922, 1144668,201112
20111020,108.66598204,108.71556499,108.51227491,108.61639910,  665395, 1170714,201112
20111021,108.58169104,108.69077351,108.52219150,108.54698297,  430846, 1173130,201112
20111024,108.49740003,108.67589863,108.48252515,108.59656592,  324639, 1145189,201112
20111025,108.56681615,108.78002281,108.54202468,108.74531475,  545435, 1119308,201112
20111026,108.77506452,108.88414700,108.70564840,108.83952235,  452100, 1101529,201112
20111027,108.72548158,108.78498111,108.46269197,108.54698297,  654208, 1097139,201112
20111028,108.50731662,108.67589863,108.42798391,108.60152421,  476512, 1103087,201112
20111031,108.67589863,108.92381336,108.64119057,108.78002281,  439047, 1108722,201112
20111101,108.91389677,109.08743707,108.84448064,109.03785413,  841795, 1060706,201112
20111102,109.02793754,109.04281242,108.93868824,109.01306266,  479979, 1032559,201112
20111103,109.05768731,109.16181149,108.92381336,109.06264560,  639114, 1052436,201112
20111104,109.10231196,109.12710343,109.02297924,109.04777072,  411583, 1046381,201112
20111107,109.07256219,109.15189490,109.02793754,109.06760390,  441910, 1045923,201112
20111108,109.08743707,109.09735366,108.95356312,109.03785413,  378342, 1035629,201112
20111109,108.99818777,109.18164467,108.98331289,109.11718684,  566146, 1047785,201112
20111110,109.17668637,109.18164467,109.04281242,109.15685320,  507092, 1031550,201112
20111111,109.15189490,109.16181149,109.04777072,109.07752048,  266087, 1032943,201112
20111114,109.12710343,109.26097738,109.08743707,109.17668637,  340767, 1038944,201112
20111115,109.23618591,109.27089397,109.19651955,109.23122761,  424160, 1040750,201112
20111116,109.27089397,109.28081056,109.07752048,109.14693661,  524260, 1050479,201112
20111117,109.17668637,109.24114420,109.01306266,109.07256219,  659765, 1042298,201112
20111118,109.11222855,109.13702002,108.96347971,109.00810436,  442506, 1039053,201112
20111121,109.03785413,109.16181149,109.00314607,109.10727025,  293106, 1041982,201112
20111122,109.10727025,109.20147785,109.06760390,109.16676979,  365700, 1054350,201112
20111123,109.18164467,109.20643614,109.00314607,109.06264560,  503017, 1044036,201112
20111124,108.98331289,109.03785413,108.89902188,108.97835459,  461821, 1029055,201112
20111125,108.96347971,109.05272901,108.95852142,109.00314607,  368122, 1032477,201112
20111128,108.96843801,109.08743707,108.96347971,109.03785413,  346690, 1037929,201112
20111129,109.03289583,109.14197831,109.00810436,109.06760390,  406784,  983797,201112
20111130,109.14197831,109.40476792,109.10231196,109.29072715,  884170,  971183,201112
20111201,109.30064374,109.38989304,109.21635273,109.34526839,  564227,  923398,201112
20111202,109.36510156,109.38493474,109.28576885,109.34526839,  511123,  876632,201112
20111205,109.29568544,109.33039350,109.21635273,109.26097738,  858733,  579100,201112
20111206,109.24610250,109.28081056,109.21635273,109.24610250,  814608,  365778,201112
20111207,109.30053471,109.40983524,109.25085265,109.35518498,  764465,  928114,201203
20111208,109.38002601,109.44461269,109.29556650,109.43467627,  525851,  936793,201203
20111209,109.43964448,109.44958089,109.30053471,109.31047112,  335930,  939473,201203
20111212,109.30053471,109.47939013,109.30053471,109.45454910,  248998,  945592,201203
20111213,109.45454910,109.47442192,109.38499421,109.43964448,  215342,  933840,201203
20111214,109.44958089,109.50423116,109.39493062,109.46448551,  354801,  925407,201203
20111215,109.50423116,109.51913578,109.42970807,109.47442192,  294849,  927492,201203
20111216,109.51913578,109.56881784,109.47939013,109.56384963,  197780,  934961,201203
20111219,109.57875425,109.57875425,109.50919937,109.56384963,  121861,  921575,201203
20111220,109.55888143,109.58372246,109.47939013,109.53900860,  160820,  919634,201203
20111221,109.56881784,109.56881784,109.42970807,109.50423116,  245176,  915913,201203
20111222,109.49429475,109.50919937,109.42970807,109.50423116,  157133,  931504,201203
20111223,109.50919937,109.55391322,109.48932654,109.49926295,   89875,  947069,201203
20111227,109.55888143,109.66321376,109.53900860,109.64830914,   94104,  951096,201203
20111228,109.68805479,109.68805479,109.59365887,109.63837272,   86821,  963856,201203
20111229,109.67315017,109.68805479,109.61353169,109.66818196,   89116,  971475,201203
20111230,109.63340452,109.69302299,109.62346811,109.63837272,   81493,  978260,201203
20120102,109.69302299,109.69799120,109.55391322,109.56384963,   95192,  970365,201203
20120103,109.59862708,109.63340452,109.53404040,109.59365887,  289122,  981924,201203
20120104,109.59862708,109.62843631,109.55888143,109.60359528,  274306,  996212,201203
20120105,109.62346811,109.69302299,109.58372246,109.63837272,  366926, 1058731,201203
20120106,109.62843631,109.69799120,109.60856349,109.65327734,  207015, 1046725,201203
20120109,109.69799120,109.71786402,109.63837272,109.70792761,  233017, 1053982,201203
20120110,109.68308658,109.71786402,109.61849990,109.64830914,  340147, 1060545,201203
20120111,109.65327734,109.71289582,109.63340452,109.69302299,  427098, 1102608,201203
20120112,109.69799120,109.71786402,109.64830914,109.66818196,  432295, 1134118,201203
20120113,109.64830914,109.73773685,109.62346811,109.71289582,  511686, 1161281,201203
20120116,109.72283223,109.73773685,109.70295940,109.72283223,  205012, 1177696,201203
20120117,109.70792761,109.72283223,109.66321376,109.67315017,  295874, 1158128,201203
20120118,109.67811837,109.68805479,109.62346811,109.63837272,  379902, 1162583,201203
20120119,109.63837272,109.66321376,109.57875425,109.59862708,  360325, 1150711,201203
20120120,109.58372246,109.64334093,109.57875425,109.61353169,  365262, 1147693,201203
20120123,109.62346811,109.67811837,109.60856349,109.64334093,  316764, 1139407,201203
20120124,109.63340452,109.66818196,109.58372246,109.59862708,  385072, 1123918,201203
20120125,109.60359528,109.69799120,109.54397681,109.64830914,  412686, 1131661,201203
20120126,109.68308658,109.71289582,109.63837272,109.67811837,  323466, 1113430,201203
20120127,109.70792761,109.74270505,109.64830914,109.66818196,  338493, 1107961,201203
20120130,109.69302299,109.72283223,109.67315017,109.70792761,  232966, 1096642,201203
20120131,109.71786402,109.74270505,109.68308658,109.72780043,  452073, 1093071,201203
20120201,109.73773685,109.74270505,109.68805479,109.69799120,  345067, 1100113,201203
20120202,109.69302299,109.72780043,109.62843631,109.63837272,  403279, 1096783,201203
20120203,109.63340452,109.67315017,109.60359528,109.64334093,  423133, 1104274,201203
20120206,109.63837272,109.71289582,109.63340452,109.67811837,  285802, 1106704,201203
20120207,109.67315017,109.70295940,109.59862708,109.62346811,  343281, 1082916,201203
20120208,109.59862708,109.61353169,109.55888143,109.57378605,  428728, 1094764,201203
20120209,109.55888143,109.60856349,109.50919937,109.53404040,  478868, 1104659,201203
20120210,109.54397681,109.61849990,109.51913578,109.56881784,  348791, 1099889,201203
20120213,109.58372246,109.58372246,109.49926295,109.55888143,  290655, 1077218,201203
20120214,109.59365887,109.61353169,109.52907219,109.57378605,  368954, 1078049,201203
20120215,109.57378605,109.64830914,109.54894501,109.63340452,  411435, 1068129,201203
20120216,109.65824555,109.67315017,109.56384963,109.59862708,  379294, 1062906,201203
20120217,109.57875425,109.60359528,109.54894501,109.56881784,  237187, 1057822,201203
20120220,109.54397681,109.56384963,109.51913578,109.54894501,  209700, 1048735,201203
20120221,109.52907219,109.57875425,109.51913578,109.55888143,  280229, 1064484,201203
20120222,109.53404040,109.58869066,109.51913578,109.56384963,  381782, 1060866,201203
20120223,109.57875425,109.60856349,109.55888143,109.58869066,  286301, 1053611,201203
20120224,109.56881784,109.63837272,109.55888143,109.61849990,  300018, 1020961,201203
20120227,109.62843631,109.70792761,109.61849990,109.70295940,  414628,  999137,201203
20120228,109.68805479,109.71289582,109.67315017,109.70792761,  400883,  987180,201203
20120229,109.69302299,109.73276864,109.65327734,109.71786402,  467685,  963993,201203
20120301,109.72283223,109.74767326,109.65824555,109.67315017,  451896,  888383,201203
20120302,109.70295940,109.77251429,109.69302299,109.76257788,  544987,  815751,201203
20120305,109.76257788,109.76754608,109.70792761,109.72283223,  769834,  602316,201203
20120306,109.73773685,109.80232353,109.72283223,109.77748250, 1008447,  276897,201203
20120307,109.77748250,109.83213276,109.75760967,109.81722815,  399399,   34931,201203
20120308,109.79239927,109.80731604,109.73770444,109.77748250,  415834, 1025347,201206
20120309,109.77748250,109.80234378,109.75262121,109.78742701,  206240, 1032060,201206
20120312,109.80731604,109.81228829,109.75759347,109.79737152,  295752, 1047077,201206
20120313,109.78742701,109.79737152,109.70787090,109.74267670,  289763, 1042133,201206
20120314,109.69295413,109.70787090,109.57361997,109.60345351,  578071, 1042569,201206
20120315,109.59848126,109.60842577,109.50898064,109.52389741,  570310, 1018923,201206
20120316,109.51892515,109.55373095,109.36975745,109.40953550,  578313, 1004424,201206
20120319,109.40456325,109.47914710,109.39959099,109.41948002,  428812, 1000840,201206
20120320,109.41948002,109.47417484,109.41450776,109.42445227,  303096,  994809,201206
20120321,109.42942453,109.55373095,109.41450776,109.52389741,  466179,  979207,201206
20120322,109.53881418,109.62831480,109.51395289,109.58853674,  503763,  953726,201206
20120323,109.59350900,109.69295413,109.58356449,109.65317608,  450131,  955766,201206
20120326,109.66809285,109.68798188,109.58853674,109.61837028,  347561,  930278,201206
20120327,109.63825931,109.68798188,109.60345351,109.66312059,  300708,  929803,201206
20120328,109.67803736,109.72278767,109.62334254,109.70289865,  370406,  946452,201206
20120329,109.71284316,109.74267670,109.68300962,109.73770444,  436354,  981120,201206
20120330,109.72775993,109.74764896,109.66809285,109.72278767,  437905,  971146,201206
20120402,109.67306511,109.73770444,109.64820382,109.71781542,  356405, 1009878,201206
20120403,109.71781542,109.74764896,109.68300962,109.72278767,  318218, 1024217,201206
20120404,109.69295413,109.77748250,109.68300962,109.74764896,  512939, 1049959,201206
20120405,109.76256573,109.88687214,109.73770444,109.86698312,  557602, 1112832,201206
20120410,109.91670568,109.96642825,109.84212183,109.96145599,  524934, 1116011,201206
20120411,109.94653922,109.95151148,109.82223281,109.85206635,  484014, 1081282,201206
20120412,109.84709409,109.90178891,109.83217732,109.84709409,  321937, 1082568,201206
20120413,109.87195537,109.91173343,109.86201086,109.90178891,  295055, 1074787,201206
20120416,109.88687214,109.91670568,109.83217732,109.85206635,  284555, 1051266,201206
20120417,109.87195537,109.89681666,109.82720506,109.83714958,  250707, 1060070,201206
20120418,109.85703860,109.90178891,109.83217732,109.88189989,  368280, 1086779,201206
20120419,109.88687214,109.91670568,109.84709409,109.89184440,  330515, 1114721,201206
20120420,109.88189989,109.90676117,109.85703860,109.87692763,  269005, 1114382,201206
20120423,109.87692763,109.95648374,109.87692763,109.95151148,  275701, 1120760,201206
20120424,109.94156697,109.95151148,109.86698312,109.89184440,  323333, 1118845,201206
20120425,109.86698312,109.92167794,109.86698312,109.90676117,  330277, 1126741,201206
20120426,109.92167794,109.98134502,109.90178891,109.97637276,  384524, 1151122,201206
20120427,109.98631728,110.01117856,109.94156697,109.95648374,  327984, 1134713,201206
20120430,109.93659471,110.01117856,109.93162245,109.98631728,  265975, 1155267,201206
20120502,109.96145599,110.02609533,109.96145599,109.99626179,  329405, 1145541,201206
20120503,109.99626179,110.00123405,109.91670568,109.98134502,  408816, 1151425,201206
20120504,109.99626179,110.00620630,109.95648374,109.98134502,  271837, 1149125,201206
20120507,110.01117856,110.02609533,109.94156697,109.94653922,  132950, 1143832,201206
20120508,109.97140051,109.99626179,109.95648374,109.98631728,  370197, 1145982,201206
20120509,109.98134502,110.03603984,109.95151148,110.01117856,  461846, 1138710,201206
20120510,110.00620630,110.01615082,109.97637276,110.00620630,  302852, 1174898,201206
20120511,110.01117856,110.02112307,109.97140051,109.98631728,  227269, 1191654,201206
20120514,109.99626179,110.05095661,109.99128953,110.02609533,  305589, 1191448,201206
20120515,110.02609533,110.03603984,110.00620630,110.03106759,  247863, 1224555,201206
20120516,110.01615082,110.04598436,109.99128953,110.02112307,  349757, 1245423,201206
20120517,110.00123405,110.10565144,109.99626179,110.06090113,  280912, 1244787,201206
20120518,110.08576241,110.10565144,110.03603984,110.04598436,  261074, 1229553,201206
20120521,110.02609533,110.07581790,110.01117856,110.06587338,  213372, 1236155,201206
20120522,110.03603984,110.05592887,110.00123405,110.03106759,  382145, 1225752,201206
20120523,110.04101210,110.12056821,110.02609533,110.10067918,  419550, 1255349,201206
20120524,110.07581790,110.12554046,110.07084564,110.08576241,  324060, 1245275,201206
20120525,110.07581790,110.13548498,110.06587338,110.10565144,  251737, 1251086,201206
20120528,110.10565144,110.15537400,110.09073467,110.14542949,  199393, 1202379,201206
20120529,110.13051272,110.15537400,110.09570692,110.11062369,  288638, 1186928,201206
20120530,110.12554046,110.21006883,110.11559595,110.19017980,  629265, 1116861,201206
20120531,110.16034626,110.20012431,110.14045723,110.18023529,  696267,  963736,201206
20120601,110.18023529,110.22498560,110.15537400,110.18520754,  824434,  723769,201206
20120604,110.17029077,110.19515206,110.16034626,110.16531852,  479607,  559703,201206
20120605,110.14542949,110.20012431,110.14045723,110.17029077,  567094,  316177,201206
20120606,110.15538546,110.19516890,109.98630582,110.07084564,  840516, 1029882,201209
20120607,110.05095392,110.07084564,109.99127875,110.02111633,  477962, 1032593,201209
20120608,110.06089978,110.10068322,110.01614340,110.07084564,  376398, 1007778,201209
20120611,110.04598099,110.07084564,110.02608926,110.05095392,  297889, 1006451,201209
20120612,110.05592685,110.06089978,109.90176600,109.96641410,  359977,  996955,201209
20120613,109.95149530,109.96641410,109.86695548,109.87690135,  479514,  985897,201209
20120614,109.88684721,110.00619754,109.88684721,109.97635996,  380562,  986239,201209
20120615,109.96144117,110.05592685,109.95646824,110.00619754,  285916,  965588,201209
20120618,109.97138703,110.13052081,109.95646824,110.10068322,  330126,  990455,201209
20120619,110.11062908,110.11560201,109.95149530,109.97635996,  365640,  958497,201209
20120620,109.96144117,109.99127875,109.75755101,109.83214497,  517931,  942098,201209
20120621,109.80230739,109.96144117,109.79733446,109.94652237,  427748,  910909,201209
20120622,109.94652237,109.98133289,109.80728032,109.87690135,  395848,  918285,201209
20120625,109.88187428,110.02608926,109.86198255,109.99625168,  348987,  901152,201209
20120626,110.01614340,110.01614340,109.92663065,109.95646824,  318345,  903043,201209
20120627,109.95646824,109.96144117,109.90176600,109.92165772,  231345,  909744,201209
20120628,109.91171186,109.99127875,109.91171186,109.94652237,  258268,  908361,201209
20120629,109.87192842,109.92165772,109.77744273,109.89679307,  372901,  919942,201209
20120702,109.85700962,109.98133289,109.85203669,109.95149530,  268089,  918307,201209
20120703,109.96144117,110.01117047,109.94652237,109.97635996,  222635,  908302,201209
20120704,110.00619754,110.05095392,109.98630582,110.02608926,  241536,  905207,201209
20120705,110.02608926,110.15041253,109.98133289,110.13052081,  421250,  927495,201209
20120706,110.14543960,110.20014183,110.14046667,110.18522304,  319367,  925057,201209
20120709,110.20014183,110.20014183,110.15041253,110.17030425,  276060,  934128,201209
20120710,110.19019597,110.20511476,110.14046667,110.17030425,  242011,  931040,201209
20120711,110.18522304,110.21008770,110.16035839,110.19516890,  223706,  958795,201209
20120712,110.19516890,110.26478993,110.19516890,110.25484407,  282862,  973492,201209
20120713,110.25981700,110.28965458,110.25484407,110.26976286,  225963,  970125,201209
20120716,110.28965458,110.30457338,110.26976286,110.29960045,  205302,  955525,201209
20120717,110.29462752,110.30954631,110.25981700,110.29960045,  203034,  965179,201209
20120718,110.30457338,110.33938389,110.25484407,110.31949217,  305445,  976479,201209
20120719,110.30457338,110.31949217,110.26478993,110.29462752,  176562,  986533,201209
20120720,110.28965458,110.34435682,110.27970872,110.33938389,  159369,  999174,201209
20120723,110.34435682,110.34932975,110.29960045,110.31451924,  205105, 1007729,201209
20120724,110.30954631,110.32446510,110.23992528,110.31949217,  293309,  997938,201209
20120725,110.32943803,110.32943803,110.27970872,110.29960045,  242784,  990787,201209
20120726,110.30457338,110.31949217,110.24987114,110.27970872,  294361,  995740,201209
20120727,110.26976286,110.42392371,110.21506063,110.22500649,  345876, 1019762,201209
20120730,110.34932975,110.36922147,110.31451924,110.31949217,  279266, 1018370,201209
20120731,110.31949217,110.37419440,110.30954631,110.34435682,  268942, 1000355,201209
20120801,110.35430268,110.35430268,110.27473579,110.30457338,  307369,  991540,201209
20120802,110.28468165,110.38911320,110.25981700,110.34435682,  406092,  991779,201209
20120803,110.31949217,110.32943803,110.21008770,110.22997942,  366449,  994744,201209
20120806,110.24489821,110.30457338,110.22500649,110.28965458,  190903, 1025165,201209
20120807,110.28468165,110.30457338,110.22997942,110.23495235,  210531, 1034605,201209
20120808,110.24489821,110.29960045,110.23992528,110.26478993,  174002, 1031943,201209
20120809,110.26478993,110.30457338,110.23992528,110.28468165,  174617, 1045717,201209
20120810,110.29462752,110.34435682,110.28468165,110.32446510,  179193, 1050554,201209
20120813,110.32446510,110.33938389,110.25484407,110.27970872,  180992, 1031140,201209
20120814,110.26976286,110.28468165,110.23992528,110.24987114,  176549, 1044260,201209
20120815,110.24987114,110.25981700,110.20014183,110.22003356,  261428, 1062618,201209
20120816,110.20014183,110.25981700,110.19019597,110.24987114,  280656, 1073425,201209
20120817,110.23992528,110.27473579,110.22003356,110.26478993,  163003, 1076606,201209
20120820,110.25484407,110.25981700,110.20014183,110.22997942,  287208, 1073757,201209
20120821,110.22997942,110.23992528,110.15041253,110.16035839,  298745, 1059160,201209
20120822,110.18522304,110.21506063,110.17030425,110.20014183,  426950, 1073042,201209
20120823,110.22003356,110.25484407,110.18025011,110.24489821,  368429, 1074212,201209
20120824,110.24489821,110.27473579,110.22997942,110.26976286,  285176, 1034416,201209
20120827,110.24987114,110.26478993,110.20511476,110.22003356,  126155, 1044896,201209
20120828,110.22003356,110.23992528,110.20511476,110.23495235,  261008, 1028924,201209
20120829,110.22003356,110.25981700,110.20511476,110.22003356,  228077, 1011490,201209
20120830,110.21008770,110.29462752,110.21008770,110.29462752,  334221,  967698,201209
20120831,110.27970872,110.29462752,110.21506063,110.26478993,  516285,  831034,201209
20120903,110.26478993,110.30457338,110.25981700,110.27970872,  530912,  653666,201209
20120904,110.25981700,110.28965458,110.24489821,110.27473579,  904901,  281087,201209
20120905,110.27970872,110.30954631,110.19516890,110.25981700,  433561,   34102,201209
20120906,110.35944275,110.36442264,110.21502581,110.23992528,  604961,  958055,201212
20120907,110.21502581,110.24988507,110.17020676,110.23494538,  536423,  971564,201212
20120910,110.22996549,110.24490517,110.19510623,110.23494538,  255362,  960972,201212
20120911,110.23494538,110.24988507,110.20506602,110.21502581,  235040,  977089,201212
20120912,110.21502581,110.22000570,110.12538770,110.15028718,  454187,  967264,201212
20120913,110.15028718,110.21502581,110.13036760,110.19012633,  355210,  956265,201212
20120914,110.17020676,110.18016654,110.09052844,110.10048823,  461922,  963761,201212
20120917,110.10546813,110.15526707,110.08554855,110.14032739,  219379,  953945,201212
20120918,110.14032739,110.17518665,110.13534749,110.15028718,  260137,  952264,201212
20120919,110.13534749,110.21004591,110.11542792,110.18514644,  337485,  975381,201212
20120920,110.18514644,110.24988507,110.18016654,110.22498560,  312244,  973325,201212
20120921,110.20506602,110.24988507,110.19012633,110.24988507,  338512,  906775,201212
20120924,110.23992528,110.24988507,110.20008612,110.22996549,  207141,  891552,201212
20120925,110.22996549,110.25486496,110.15526707,110.16024697,  363731,  883590,201212
20120926,110.19510623,110.25486496,110.17518665,110.24490517,  387258,  885710,201212
20120927,110.23494538,110.25984486,110.21502581,110.23494538,  296480,  883332,201212
20120928,110.23992528,110.28474433,110.22498560,110.27478454,  316463,  881178,201212
20121001,110.26980465,110.26980465,110.19510623,110.21004591,  276573,  849110,201212
20121002,110.23494538,110.24988507,110.21004591,110.22996549,  212569,  847693,201212
20121003,110.24988507,110.27478454,110.22498560,110.24988507,  207756,  846959,201212
20121004,110.26980465,110.27478454,110.19012633,110.22498560,  329975,  847202,201212
20121005,110.22000570,110.24988507,110.18514644,110.20008612,  231801,  842946,201212
20121008,110.21502581,110.24490517,110.21004591,110.23494538,  156463,  845748,201212
20121009,110.22996549,110.25486496,110.21004591,110.23494538,  209661,  840079,201212
20121010,110.24490517,110.25486496,110.20506602,110.22498560,  242943,  854459,201212
20121011,110.24490517,110.27478454,110.20506602,110.22000570,  304711,  867001,201212
20121012,110.24490517,110.24988507,110.21502581,110.23992528,  181139,  869941,201212
20121015,110.23494538,110.23992528,110.21004591,110.22498560,  120175,  860831,201212
20121016,110.20506602,110.22498560,110.16024697,110.17020676,  312877,  844211,201212
20121017,110.15526707,110.17518665,110.10546813,110.12040781,  433697,  849285,201212
20121018,110.09550834,110.14032739,110.09052844,110.10048823,  363073,  847293,201212
20121019,110.08554855,110.13036760,110.07060886,110.09550834,  241327,  851167,201212
20121022,110.10048823,110.11542792,110.04072950,110.07558876,  285961,  839206,201212
20121023,110.07558876,110.11542792,110.07060886,110.10546813,  229591,  851223,201212
20121024,110.10546813,110.17518665,110.09052844,110.15028718,  379077,  845704,201212
20121025,110.13534749,110.16522686,110.11542792,110.15526707,  308151,  858299,201212
20121026,110.16024697,110.24490517,110.16024697,110.22498560,  420294,  835098,201212
20121029,110.23992528,110.29470412,110.23494538,110.26980465,  302209,  836766,201212
20121030,110.27478454,110.28972422,110.23494538,110.25486496,  260583,  858447,201212
20121031,110.25984486,110.26980465,110.22498560,110.25486496,  281407,  860221,201212
20121101,110.25984486,110.29968401,110.24988507,110.27976444,  218688,  886643,201212
20121102,110.29470412,110.35944275,110.27478454,110.32956338,  371235,  884249,201212
20121105,110.34450306,110.37438243,110.33454328,110.35446285,  257129,  899911,201212
20121106,110.35944275,110.37438243,110.33454328,110.36940254,  240553,  931325,201212
20121107,110.35446285,110.45904064,110.33952317,110.42418138,  525167,  988136,201212
20121108,110.42418138,110.43414117,110.38434222,110.41920148,  438809,  998250,201212
20121109,110.42418138,110.43912106,110.39928190,110.40924169,  259461,  997313,201212
20121112,110.41920148,110.43414117,110.40426180,110.42418138,  144478, 1012636,201212
20121113,110.43414117,110.44410095,110.40426180,110.41422159,  237015, 1031487,201212
20121114,110.42916127,110.42916127,110.38932211,110.41920148,  323521, 1036969,201212
20121115,110.42418138,110.43414117,110.40426180,110.42418138,  200194, 1057035,201212
20121116,110.42418138,110.44908085,110.41422159,110.43414117,  141417, 1067330,201212
20121119,110.42916127,110.43912106,110.40924169,110.41422159,  157222, 1054298,201212
20121120,110.41920148,110.43414117,110.36940254,110.37438243,  238626, 1029659,201212
20121121,110.38932211,110.39928190,110.34450306,110.35944275,  286800, 1031618,201212
20121122,110.35944275,110.37438243,110.34450306,110.37438243,  146864, 1036101,201212
20121123,110.36442264,110.39430201,110.35944275,110.37438243,  195397, 1019865,201212
20121126,110.38434222,110.40426180,110.36940254,110.37936233,  145222, 1007506,201212
20121127,110.35944275,110.36442264,110.29470412,110.33952317,  385272,  966453,201212
20121128,110.33952317,110.40426180,110.33454328,110.38932211,  291403,  954567,201212
20121129,110.36442264,110.38434222,110.33454328,110.35446285,  214063,  911052,201212
20121130,110.35446285,110.37438243,110.33454328,110.34450306,  365321,  754757,201212
20121203,110.35446285,110.36940254,110.25984486,110.30964380,  738234,  559691,201212
20121204,110.30466391,110.33952317,110.30466391,110.32956338,  738023,  242743,201212
20121205,110.30964380,110.38434222,110.30466391,110.35944275,  358211,   54279,201212
20121206,110.22508889,110.34947398,110.21016268,110.33952317,  416580,  880809,201303
20121207,110.33454777,110.41912963,110.31962156,110.40420341,  405537,  894715,201303
20121210,110.40917882,110.43903124,110.37932640,110.39425261,  195196,  904689,201303
20121211,110.39922801,110.41415422,110.34947398,110.37932640,  179772,  922640,201303
20121212,110.35942478,110.36440019,110.30469535,110.34947398,  260135,  939481,201303
20121213,110.32459696,110.37435099,110.32459696,110.35942478,  239731,  972601,201303
20121214,110.33952317,110.36440019,110.29474454,110.31464615,  194313,  946203,201303
20121217,110.28479373,110.30967075,110.22011349,110.26489212,  180476,  924985,201303
20121218,110.23503970,110.26489212,110.22011349,110.23503970,  224959,  908383,201303
20121219,110.23503970,110.27484292,110.21513808,110.24499050,  240841,  899474,201303
20121220,110.22508889,110.27484292,110.21513808,110.23006429,  174032,  901246,201303
20121221,110.25494131,110.26489212,110.23006429,110.25494131,  136883,  881245,201303
20121227,110.22508889,110.26489212,110.21513808,110.24001510,   83578,  867577,201303
20121228,110.23006429,110.34449857,110.21513808,110.30967075,  126876,  854412,201303
20130102,110.23503970,110.27484292,110.14548243,110.17035945,  457943,  835306,201303
20130103,110.16040864,110.20518728,110.07085138,110.13055622,  340302,  829595,201303
20130104,110.09075300,110.11563001,110.03602356,110.06587598,  480948,  830590,201303
20130107,110.07582678,110.10070380,110.04597436,110.08577759,  323050,  822409,201303
20130108,110.08577759,110.11563001,110.08080219,110.10567921,  307921,  818347,201303
20130109,110.10070380,110.13553163,110.08577759,110.11065461,  355924,  819166,201303
20130110,110.10567921,110.13055622,110.00617114,110.02607275,  556490,  828347,201303
20130111,110.01612194,110.03104815,109.93651549,109.96139250,  494360,  809292,201303
20130114,109.95641710,109.98626952,109.92656468,109.96139250,  304690,  796367,201303
20130115,109.94646629,109.98626952,109.93651549,109.96139250,  351725,  831616,201303
20130116,109.94646629,110.00617114,109.94149089,109.97631871,  280756,  840967,201303
20130117,109.97631871,109.99622033,109.75740096,109.82705661,  790092,  894448,201303
20130118,109.77730258,109.89671226,109.74247475,109.85193363,  692569,  833753,201303
20130121,109.83203201,109.87183524,109.80217959,109.82705661,  310916,  870011,201303
20130122,109.82705661,109.88676145,109.80217959,109.87183524,  443545,  877869,201303
20130123,109.88178605,109.91661387,109.86188443,109.90168766,  410656,  911397,201303
20130124,109.89671226,109.95144170,109.86685984,109.87183524,  528825,  919461,201303
20130125,109.88676145,109.89671226,109.66286830,109.70764693,  871221,  923714,201303
20130128,109.68774531,109.72754854,109.58326184,109.63301587,  645446,  899572,201303
20130129,109.63799128,109.73252394,109.63301587,109.69272072,  517349,  914263,201303
20130130,109.67779451,109.71759773,109.61808966,109.64296668,  515997,  901996,201303
20130131,109.69272072,109.72257314,109.64794208,109.70267152,  427947,  901391,201303
20130201,109.69769612,109.80715500,109.67281910,109.75242556,  627605,  926046,201303
20130204,109.69769612,109.83700742,109.69272072,109.82705661,  532431,  964198,201303
20130205,109.81213040,109.84198282,109.75740096,109.77232717,  416134,  980522,201303
20130206,109.76735177,109.82705661,109.76237636,109.82208121,  459007,  973532,201303
20130207,109.80217959,109.92158928,109.77232717,109.89671226,  687213,  937821,201303
20130208,109.89671226,109.92656468,109.86685984,109.88178605,  351808,  926393,201303
20130211,109.89671226,109.90168766,109.85193363,109.87681065,  239200,  943663,201303
20130212,109.89671226,109.91163847,109.84695822,109.86188443,  312656,  931603,201303
20130213,109.87681065,109.88178605,109.80715500,109.84695822,  495294,  945583,201303
20130214,109.86685984,109.96139250,109.85193363,109.92656468,  536209,  941954,201303
20130215,109.94646629,109.95641710,109.91163847,109.92158928,  320154,  926515,201303
20130218,109.93651549,109.96636791,109.92656468,109.94149089,  174551,  887582,201303
20130219,109.95144170,109.96139250,109.92158928,109.94149089,  216019,  864950,201303
20130220,109.93651549,109.93651549,109.87681065,109.89671226,  281887,  859222,201303
20130221,109.91661387,109.97631871,109.91163847,109.94149089,  455662,  861101,201303
20130222,109.94646629,110.05592517,109.92656468,110.04099896,  531294,  832883,201303
20130225,110.04099896,110.12558082,109.97134331,110.03104815,  478782,  792454,201303
20130226,110.11563001,110.17035945,110.08577759,110.14548243,  557459,  793342,201303
20130227,110.15045784,110.19523647,110.12060542,110.16040864,  382023,  740953,201303
20130228,110.16538405,110.21016268,110.14548243,110.19026106,  460055,  708379,201303
20130301,110.20518728,110.23503970,110.18031026,110.21513808,  424375,  640965,201303
20130304,110.22508889,110.23006429,110.19523647,110.21513808,  644812,  475778,201303
20130305,110.20518728,110.21513808,110.15543324,110.16040864,  742437,  241252,201303
20130306,110.15543324,110.20021187,110.14050703,110.19026106,  389176,   42489,201303
20130307,110.29488311,110.29986481,110.15539545,110.18528566,  583803,  783527,201306
20130308,110.19524907,110.22513928,110.12052354,110.18030396,  406384,  781994,201306
20130311,110.22015758,110.23012098,110.19524907,110.21517587,  162811,  777795,201306
20130312,110.21517587,110.23510268,110.18528566,110.21517587,  293865,  771274,201306
20130313,110.21517587,110.26499289,110.20521247,110.24506609,  295849,  757154,201306
20130314,110.23510268,110.24506609,110.21019417,110.23012098,  220617,  748243,201306
20130315,110.22015758,110.27495630,110.22015758,110.26499289,  194011,  764482,201306
20130318,110.32975502,110.37957204,110.30484651,110.32477332,  381923,  781330,201306
20130319,110.32975502,110.38455374,110.31480991,110.36960864,  446308,  801034,201306
20130320,110.37459034,110.37459034,110.28491970,110.32975502,  415309,  800950,201306
20130321,110.32975502,110.33971842,110.29488311,110.31979162,  371877,  816462,201306
20130322,110.33971842,110.35466353,110.30484651,110.32477332,  331568,  800908,201306
20130325,110.30484651,110.34968183,110.26997460,110.33971842,  367282,  803042,201306
20130326,110.32975502,110.38953545,110.30484651,110.36462693,  278660,  828004,201306
20130327,110.37957204,110.44433417,110.36462693,110.41444396,  406745,  818804,201306
20130328,110.43437076,110.46924268,110.39451715,110.41444396,  348208,  828919,201306
20130402,110.45429757,110.45429757,110.34470013,110.37957204,  297363,  843664,201306
20130403,110.37957204,110.38953545,110.35964523,110.37957204,  220162,  856137,201306
20130404,110.37957204,110.43437076,110.34968183,110.39451715,  329436,  884708,201306
20130405,110.40448055,110.40448055,110.31979162,110.33473672,  422058,  924298,201306
20130408,110.34470013,110.34968183,110.29488311,110.32477332,  276550,  931123,201306
20130409,110.29488311,110.33971842,110.27495630,110.30484651,  347959,  926685,201306
20130410,110.29488311,110.30982821,110.26499289,110.27993800,  317988,  910129,201306
20130411,110.26997460,110.30982821,110.26499289,110.29488311,  296785,  892036,201306
20130412,110.29986481,110.33971842,110.28990140,110.33473672,  222467,  888638,201306
20130415,110.33473672,110.34968183,110.31480991,110.33971842,  243405,  903108,201306
20130416,110.33971842,110.34968183,110.29986481,110.31480991,  213764,  903892,201306
20130417,110.31979162,110.36960864,110.28491970,110.36462693,  368818,  884020,201306
20130418,110.36462693,110.37459034,110.30982821,110.33971842,  310092,  908830,201306
20130419,110.32975502,110.34470013,110.31480991,110.32975502,  209185,  904151,201306
20130422,110.32975502,110.35466353,110.31979162,110.34470013,  171258,  898771,201306
20130423,110.33971842,110.35964523,110.31480991,110.33473672,  287850,  900356,201306
20130424,110.32477332,110.35466353,110.30982821,110.34470013,  277726,  890218,201306
20130425,110.33473672,110.35964523,110.32975502,110.34968183,  172687,  896991,201306
20130426,110.34968183,110.36462693,110.34470013,110.36462693,  158051,  891777,201306
20130429,110.35466353,110.37459034,110.33473672,110.36462693,  221971,  898004,201306
20130430,110.35466353,110.36960864,110.32477332,110.34470013,  221852,  862528,201306
20130502,110.34470013,110.43935247,110.32975502,110.43437076,  467048,  900545,201306
20130503,110.43935247,110.45927927,110.34968183,110.36960864,  439984,  906571,201306
20130506,110.35964523,110.37957204,110.34470013,110.37459034,  110575,  882994,201306
20130507,110.38455374,110.38455374,110.29986481,110.31979162,  291341,  860852,201306
20130508,110.30982821,110.35466353,110.28990140,110.34470013,  218259,  850256,201306
20130509,110.34470013,110.36960864,110.33971842,110.35964523,  169843,  862788,201306
20130510,110.34470013,110.34968183,110.25502949,110.27993800,  358453,  859456,201306
20130513,110.24506609,110.33971842,110.24506609,110.31480991,  328630,  840399,201306
20130514,110.32477332,110.32975502,110.29488311,110.30982821,  175743,  831973,201306
20130515,110.31480991,110.35466353,110.29986481,110.33473672,  383618,  827211,201306
20130516,110.34968183,110.40448055,110.33473672,110.39949885,  447112,  843141,201306
20130517,110.38953545,110.44931587,110.38953545,110.42938906,  321006,  868137,201306
20130520,110.42440736,110.42440736,110.37459034,110.38455374,  216281,  860507,201306
20130521,110.37459034,110.39451715,110.35466353,110.35964523,  291325,  847633,201306
20130522,110.35964523,110.40946225,110.35964523,110.38455374,  307082,  854513,201306
20130523,110.39451715,110.41444396,110.34968183,110.35964523,  419106,  834554,201306
20130524,110.37957204,110.38953545,110.30982821,110.35964523,  419456,  829134,201306
20130527,110.36960864,110.37459034,110.31979162,110.32477332,       0,  806489,201306
20130528,110.31480991,110.35466353,110.26997460,110.30484651,  347830,  784494,201306
20130529,110.24008438,110.27495630,110.19026736,110.22015758,  584321,  775477,201306
20130530,110.22015758,110.25004779,110.18528566,110.21517587,  438063,  741629,201306
20130531,110.22015758,110.30484651,110.21019417,110.23510268,  556793,  667828,201306
20130603,110.24506609,110.25004779,110.14543205,110.17532226,  741845,  415871,201306
20130604,110.17034056,110.19524907,110.13546864,110.15539545,  802464,  186942,201306
20130605,110.15041375,110.20023077,110.14543205,110.16535885,  287228,   49431,201306
20130606,110.28007514,110.32996434,110.14537430,110.18528566,  682014,  770688,201309
20130607,110.22519702,110.24016378,110.09049618,110.14038538,  441157,  758835,201309
20130610,110.11045186,110.16034106,110.03561806,110.09548510,  381227,  754154,201309
20130611,110.05058482,110.09049618,109.98073994,110.07552942,  675435,  812483,201309
20130612,110.05058482,110.13539646,110.05058482,110.11045186,  417115,  827978,201309
20130613,110.12042970,110.20524134,110.12042970,110.19526350,  497974,  846829,201309
20130614,110.21521918,110.24515270,110.20524134,110.23517486,  327592,  836653,201309
20130617,110.22020810,110.24515270,110.19027458,110.22020810,  240151,  835727,201309
20130618,110.20025242,110.22519702,110.12541862,110.13539646,  354596,  842802,201309
20130619,110.13040754,110.19027458,110.03561806,110.16532998,  331132,  833338,201309
20130620,110.03561806,110.08550726,109.96078426,110.01566238,  744742,  884592,201309
20130621,109.97575102,110.04060698,109.92087290,109.96577318,  526505,  881044,201309
20130624,109.91588399,109.99570670,109.82109451,109.93085074,  839997,  937831,201309
20130625,109.97575102,110.03561806,109.94581750,110.01566238,  592034,  913391,201309
20130626,110.00568454,110.12541862,109.99570670,110.08550726,  465336,  888823,201309
20130627,110.08051834,110.13539646,110.07054050,110.11045186,  356796,  896918,201309
20130628,110.12042970,110.16034106,110.05058482,110.11045186,  356451,  871986,201309
20130701,110.10047402,110.11544078,110.04559590,110.09049618,  260071,  873942,201309
20130702,110.09548510,110.19027458,110.08051834,110.13539646,  359689,  869769,201309
20130703,110.18528566,110.22020810,110.13040754,110.15535214,  457370,  869857,201309
20130704,110.13539646,110.34493110,110.13539646,110.26011946,  592927,  855336,201309
20130705,110.27009730,110.29504190,110.20524134,110.27009730,  512465,  824554,201309
20130708,110.29504190,110.33495326,110.28007514,110.31998650,  267592,  812146,201309
20130709,110.31499758,110.36488678,110.30501974,110.35989786,  315409,  806283,201309
20130710,110.37985354,110.37985354,110.28007514,110.31499758,  358251,  806965,201309
20130711,110.34493110,110.35490894,110.25513054,110.27009730,  410564,  796644,201309
20130712,110.30501974,110.33994218,110.28506406,110.31998650,  296806,  819498,201309
20130715,110.30003082,110.30501974,110.24515270,110.27508622,  200955,  812731,201309
20130716,110.27009730,110.33495326,110.26510838,110.32497542,  207166,  837115,201309
20130717,110.33994218,110.35490894,110.29504190,110.34493110,  306619,  841894,201309
20130718,110.33994218,110.37486462,110.32996434,110.36488678,  237901,  846445,201309
20130719,110.37486462,110.38484246,110.32497542,110.34992002,  162911,  861295,201309
20130722,110.34493110,110.35989786,110.30501974,110.30501974,  206705,  848218,201309
20130723,110.30501974,110.31000866,110.21521918,110.24515270,  346213,  847811,201309
20130724,110.24016378,110.24515270,110.16532998,110.19027458,  385600,  834683,201309
20130725,110.18029674,110.24016378,110.17031890,110.20025242,  356456,  810235,201309
20130726,110.21521918,110.24016378,110.19526350,110.20524134,  271364,  808048,201309
20130729,110.23018594,110.23018594,110.17031890,110.20025242,  176341,  814183,201309
20130730,110.19526350,110.21521918,110.18029674,110.20524134,  156080,  822986,201309
20130731,110.21023026,110.23517486,110.17530782,110.22020810,  347720,  838284,201309
20130801,110.22020810,110.31000866,110.17530782,110.22020810,  493963,  835998,201309
20130802,110.19027458,110.23018594,110.13040754,110.21023026,  368304,  852184,201309
20130805,110.22020810,110.23517486,110.17031890,110.17530782,  223133,  879053,201309
20130806,110.17031890,110.20025242,110.16034106,110.17530782,  164151,  879035,201309
20130807,110.17530782,110.22020810,110.17031890,110.18528566,  200786,  889550,201309
20130808,110.19526350,110.21023026,110.17031890,110.19027458,  187154,  898740,201309
20130809,110.16532998,110.20524134,110.16034106,110.19526350,  124984,  904143,201309
20130812,110.20025242,110.20524134,110.17031890,110.18528566,  152698,  919676,201309
20130813,110.18029674,110.18029674,110.05058482,110.07054050,  427134,  955152,201309
20130814,110.06555158,110.11544078,110.04559590,110.10047402,  280212,  966408,201309
20130815,110.10047402,110.11045186,110.03561806,110.06555158,  405120,  977013,201309
20130816,110.05058482,110.10546294,110.04060698,110.08550726,  196331,  977868,201309
20130819,110.05058482,110.11045186,110.04559590,110.07054050,  293354,  977239,201309
20130820,110.09548510,110.12541862,110.07552942,110.11045186,  233664,  982543,201309
20130821,110.11045186,110.12541862,110.06555158,110.08550726,  201509,  990589,201309
20130822,110.05058482,110.09049618,110.04559590,110.07552942,  265290,  999007,201309
20130823,110.06056266,110.07054050,109.96577318,110.03062914,  374008, 1004596,201309
20130826,110.02065130,110.07552942,110.01566238,110.06555158,  108275, 1000947,201309
20130827,110.08051834,110.13539646,110.06555158,110.11544078,  242571,  972271,201309
20130828,110.13040754,110.14038538,110.07054050,110.09548510,  220107,  952766,201309
20130829,110.08550726,110.13539646,110.07054050,110.12042970,  321728,  901915,201309
20130830,110.12541862,110.15036322,110.10047402,110.12541862,  264619,  876860,201309
20130902,110.10047402,110.10047402,110.04559590,110.07552942,  176251,  778027,201309
20130903,110.08051834,110.09049618,110.02564022,110.03561806,  343871,  574049,201309
20130904,110.02564022,110.07054050,110.02564022,110.05557374,  304416,  260464,201309
20130905,110.01566238,110.06056266,109.93583966,109.95579534,  125058,  114290,201309
20130906,109.85590465,110.02565109,109.85590465,110.01067346,  453536,  858889,201312
20130909,110.01067346,110.03563618,109.98071821,110.02565109,  178886,  859178,201312
20130910,110.00568092,110.01566601,109.96074804,109.98071821,  217399,  845754,201312
20130911,109.99070329,110.04562126,109.98071821,110.01566601,  181451,  836712,201312
20130912,110.06059889,110.10553177,110.04562126,110.09055414,  351512,  807319,201312
20130913,110.07058397,110.10053923,110.05061380,110.08056906,  255156,  810682,201312
20130916,110.15046465,110.17043482,110.09554669,110.12050940,  229235,  827338,201312
20130917,110.12550194,110.13548703,110.08556160,110.10053923,  191443,  833452,201312
20130918,110.11052431,110.21536771,110.05061380,110.06559143,  379100,  842696,201312
20130919,110.22036025,110.24033042,110.13548703,110.17043482,  466987,  853255,201312
20130920,110.18041991,110.19539754,110.12550194,110.14047957,  327640,  849356,201312
20130923,110.16044974,110.19040499,110.13049448,110.17043482,  276710,  876119,201312
20130924,110.18541245,110.22036025,110.17542737,110.21037516,  301204,  887696,201312
20130925,110.21536771,110.22036025,110.17542737,110.19040499,  251037,  888122,201312
20130926,110.19539754,110.21037516,110.17043482,110.19539754,  267905,  885409,201312
20130927,110.19539754,110.24532296,110.17542737,110.24033042,  260880,  892902,201312
20130930,110.26030059,110.26529313,110.21037516,110.23533788,  276300,  897449,201312
20131001,110.25031550,110.25530805,110.21536771,110.23034533,  253604,  892772,201312
20131002,110.23034533,110.26030059,110.20538262,110.24532296,  354471,  905865,201312
20131003,110.24532296,110.27028567,110.21536771,110.25530805,  337015,  919950,201312
20131004,110.25530805,110.26030059,110.22036025,110.23533788,  240276,  911625,201312
20131007,110.24532296,110.28027076,110.24033042,110.25031550,  222198,  914648,201312
20131008,110.25031550,110.25530805,110.22036025,110.23034533,  316599,  942886,201312
20131009,110.24033042,110.26529313,110.22036025,110.22535279,  306183,  923396,201312
20131010,110.21536771,110.23034533,110.19539754,110.21536771,  283236,  930322,201312
20131011,110.22036025,110.24532296,110.20039008,110.22535279,  226457,  928344,201312
20131014,110.22036025,110.23533788,110.19539754,110.23034533,  116325,  936357,201312
20131015,110.21037516,110.21037516,110.17043482,110.18541245,  257922,  920308,201312
20131016,110.18041991,110.19040499,110.12050940,110.14547211,  395736,  913834,201312
20131017,110.17542737,110.22535279,110.16044974,110.21536771,  316924,  925494,201312
20131018,110.22535279,110.25530805,110.20039008,110.24033042,  266674,  928153,201312
20131021,110.22535279,110.23034533,110.20538262,110.21536771,  149371,  921977,201312
20131022,110.21037516,110.29025584,110.20538262,110.28027076,  236346,  935209,201312
20131023,110.28526330,110.28526330,110.24033042,110.27028567,  261630,  926358,201312
20131024,110.26030059,110.28027076,110.22535279,110.23533788,  269971,  915970,201312
20131025,110.23533788,110.24033042,110.20039008,110.21536771,  209694,  910086,201312
20131028,110.19040499,110.22036025,110.17542737,110.21037516,  185443,  902893,201312
20131029,110.20039008,110.23034533,110.20039008,110.22535279,  203079,  907415,201312
20131030,110.23034533,110.28526330,110.22535279,110.27527822,  252441,  921483,201312
20131031,110.27527822,110.37512906,110.26030059,110.35515889,  625342,  944557,201312
20131101,110.38012161,110.42006195,110.34517381,110.37013652,  367372,  962466,201312
20131104,110.36514398,110.38511415,110.34018127,110.36514398,  221551,  958641,201312
20131105,110.35016635,110.37013652,110.29025584,110.29524838,  340956,  988420,201312
20131106,110.32520364,110.34517381,110.30024093,110.31022601,  310162,  994297,201312
20131107,110.33518872,110.50493517,110.32021110,110.42505449,  538396, 1000867,201312
20131108,110.43004703,110.43503957,110.34517381,110.38511415,  343146,  973817,201312
20131111,110.40508432,110.42006195,110.39010669,110.40009178,  113757,  975911,201312
20131112,110.40009178,110.41506940,110.38511415,110.40009178,  258719,  980410,201312
20131113,110.40009178,110.44003212,110.39509923,110.43004703,  266539,  963256,201312
20131114,110.43503957,110.44502466,110.40508432,110.42505449,  278568,  950128,201312
20131115,110.43004703,110.43503957,110.39509923,110.40009178,  169933,  947124,201312
20131118,110.40508432,110.42006195,110.39010669,110.41506940,  133852,  957039,201312
20131119,110.41506940,110.42505449,110.39010669,110.39509923,  153633,  942352,201312
20131120,110.39509923,110.45500974,110.37013652,110.44003212,  363105,  957602,201312
20131121,110.40508432,110.44003212,110.38012161,110.42505449,  430841,  929377,201312
20131122,110.41506940,110.42505449,110.34517381,110.35515889,  317411,  896524,201312
20131125,110.34018127,110.38511415,110.33518872,110.37013652,  229873,  890345,201312
20131126,110.36514398,110.39509923,110.36015144,110.38511415,  211899,  881510,201312
20131127,110.37512906,110.40009178,110.37013652,110.38511415,  200723,  889898,201312
20131128,110.38511415,110.39509923,110.34018127,110.38511415,  198184,  759568,201312
20131129,110.39010669,110.40508432,110.36514398,110.39509923,  191389,  757859,201312
20131202,110.39010669,110.40009178,110.36015144,110.37512906,  288481,  687804,201312
20131203,110.38511415,110.39509923,110.35515889,110.37512906,  343966,  401246,201312
20131204,110.37512906,110.38012161,110.27527822,110.28526330,  333868,  189674,201312
20131205,110.29526377,110.32522445,110.18041448,110.21037516,  529109,  836347,201403
20131206,110.18540793,110.22535550,110.12548656,110.20038827,  383449,  816342,201403
20131209,110.19040137,110.19539482,110.15544724,110.17042758,  231808,  796503,201403
20131210,110.16543414,110.19040137,110.15045380,110.18041448,  230400,  799871,201403
20131211,110.17042758,110.18540793,110.11050622,110.15544724,  265334,  798377,201403
20131212,110.11549966,110.15544724,110.09552588,110.10051932,  363337,  792913,201403
20131213,110.11050622,110.13048001,110.08553898,110.12049311,  220029,  798086,201403
20131216,110.13048001,110.13048001,110.09053243,110.10551277,  157470,  793402,201403
20131217,110.09552588,110.15544724,110.08054553,110.13547345,  225018,  785558,201403
20131218,110.14046690,110.18540793,110.10551277,110.12049311,  275120,  774975,201403
20131219,110.13048001,110.17042758,110.10551277,110.15544724,  288942,  785635,201403
20131220,110.13547345,110.15544724,110.09552588,110.13547345,  234794,  782283,201403
20131223,110.13048001,110.13547345,110.11050622,110.12548656,   66763,  783235,201403
20131227,110.13547345,110.14546035,110.08054553,110.09552588,  105875,  799457,201403
20131230,110.10051932,110.16044069,110.09552588,110.15544724,  112593,  804821,201403
20140102,110.09552588,110.16044069,110.09053243,110.13048001,  217806,  821657,201403
20140103,110.13547345,110.16543414,110.12049311,110.15045380,  170201,  825135,201403
20140106,110.16044069,110.18041448,110.15045380,110.15045380,  221082,  815189,201403
20140107,110.16044069,110.17042758,110.13547345,110.15045380,  239997,  821987,201403
20140108,110.15045380,110.18041448,110.11549966,110.12049311,  324062,  838131,201403
20140109,110.13048001,110.19539482,110.11549966,110.17042758,  384360,  815053,201403
20140110,110.16044069,110.24532929,110.16044069,110.22036206,  332289,  810661,201403
20140113,110.23034895,110.24532929,110.21037516,110.23534240,  194541,  796526,201403
20140114,110.23534240,110.24532929,110.16044069,110.18540793,  307497,  806902,201403
20140115,110.17542103,110.20538172,110.16543414,110.18041448,  333694,  789836,201403
20140116,110.18540793,110.26530308,110.17042758,110.25032274,  382617,  797423,201403
20140117,110.25531619,110.28527687,110.24532929,110.26530308,  323938,  821840,201403
20140120,110.27029653,110.30025721,110.26030964,110.28527687,  138238,  824716,201403
20140121,110.29027032,110.31024411,110.26030964,110.28527687,  235434,  817753,201403
20140122,110.30025721,110.31024411,110.27528998,110.28527687,  238773,  824694,201403
20140123,110.29526377,110.36017858,110.27528998,110.31024411,  285943,  836519,201403
20140124,110.34020479,110.40012616,110.33021790,110.38015237,  446444,  820572,201403
20140127,110.37016548,110.38015237,110.34020479,110.36517203,  279007,  823355,201403
20140128,110.36017858,110.41011305,110.33521135,110.37515892,  280041,  853440,201403
20140129,110.38015237,110.44506719,110.35518513,110.40511961,  369538,  856677,201403
20140130,110.42509340,110.45505408,110.40511961,110.44007374,  336411,  862899,201403
20140131,110.46004753,110.51497545,110.44506719,110.49999511,  413480,  886410,201403
20140203,110.49500166,110.50998200,110.46004753,110.48501476,  302499,  902298,201403
20140204,110.49000821,110.50498855,110.47003442,110.48002132,  269181,  911560,201403
20140205,110.47502787,110.50498855,110.46004753,110.48501476,  274011,  911751,201403
20140206,110.47502787,110.49500166,110.35518513,110.39013927,  595991,  918187,201403
20140207,110.39513271,110.48501476,110.39513271,110.45006063,  417508,  929435,201403
20140210,110.45505408,110.46004753,110.41011305,110.42509340,  208389,  920689,201403
20140211,110.42009995,110.44506719,110.39513271,110.43508029,  193122,  911815,201403
20140212,110.43508029,110.45505408,110.41011305,110.42509340,  342832,  928818,201403
20140213,110.43008684,110.48501476,110.42509340,110.46004753,  252401,  917913,201403
20140214,110.47003442,110.47502787,110.42509340,110.45006063,  180438,  899474,201403
20140217,110.46004753,110.46004753,110.43008684,110.45006063,   99980,  887390,201403
20140218,110.44506719,110.47003442,110.43508029,110.45006063,  234005,  898576,201403
20140219,110.45006063,110.48501476,110.43508029,110.45505408,  223653,  891301,201403
20140220,110.44007374,110.48002132,110.41510650,110.43008684,  320610,  871529,201403
20140221,110.42509340,110.45505408,110.42009995,110.44007374,  183329,  878193,201403
20140224,110.43508029,110.44007374,110.41011305,110.42509340,  170635,  876363,201403
20140225,110.42009995,110.44007374,110.38514582,110.42009995,  285240,  839907,201403
20140226,110.42009995,110.47502787,110.41011305,110.47003442,  332917,  857456,201403
20140227,110.46504097,110.49999511,110.46504097,110.47003442,  452155,  777325,201403
20140228,110.46504097,110.47502787,110.37515892,110.39513271,  406626,  823761,201403
20140303,110.43008684,110.45505408,110.40511961,110.43008684,  410384,  546899,201403
20140304,110.43008684,110.45006063,110.40511961,110.43508029,  305924,  245185,201403
20140305,110.42509340,110.43508029,110.41011305,110.42509340,  110582,   21112,201403
20140306,110.51012221,110.52012313,110.38011031,110.41011305,  522325,  803667,201406
20140307,110.41011305,110.42011397,110.33010573,110.38511076,  383595,  781428,201406
20140310,110.38511076,110.41511351,110.36010847,110.41011305,  223573,  782632,201406
20140311,110.40511260,110.42511443,110.38511076,110.40511260,  289054,  777048,201406
20140312,110.40511260,110.45011672,110.40011214,110.42511443,  295193,  769865,201406
20140313,110.41511351,110.49512084,110.41511351,110.47011855,  365878,  764810,201406
20140314,110.49012038,110.50012130,110.42011397,110.44011580,  364749,  766422,201406
20140317,110.42511443,110.46011763,110.42011397,110.44011580,  221344,  763542,201406
20140318,110.42511443,110.45511718,110.42511443,110.43511534,  182985,  759912,201406
20140319,110.44011580,110.44011580,110.34010664,110.41011305,  245992,  752391,201406
20140320,110.37010939,110.38011031,110.31010389,110.33010573,  455500,  755890,201406
20140321,110.32010481,110.35510802,110.30510344,110.33510618,  250732,  758305,201406
20140324,110.32510527,110.38011031,110.31010389,110.36510893,  282462,  758641,201406
20140325,110.36510893,110.42011397,110.36010847,110.40511260,  253368,  761566,201406
20140326,110.41011305,110.44511626,110.40511260,110.43011489,  200648,  766053,201406
20140327,110.43511534,110.49012038,110.43011489,110.47511901,  346277,  781262,201406
20140328,110.48011947,110.52012313,110.44011580,110.45511718,  341917,  772665,201406
20140331,110.45511718,110.48011947,110.39011122,110.42511443,  366937,  774292,201406
20140401,110.44011580,110.44011580,110.38011031,110.39011122,  231976,  788183,201406
20140402,110.39011122,110.39511168,110.35010756,110.36010847,  401950,  803422,201406
20140403,110.38511076,110.38511076,110.31510435,110.37010939,  461944,  824632,201406
20140404,110.37010939,110.43011489,110.34010664,110.41511351,  361923,  831760,201406
20140407,110.42011397,110.43011489,110.38511076,110.40011214,  240054,  836014,201406
20140408,110.38511076,110.40511260,110.38011031,110.39511168,  196275,  828213,201406
20140409,110.38511076,110.40511260,110.36510893,110.38011031,  252807,  838542,201406
20140410,110.41011305,110.45011672,110.40011214,110.43511534,  254991,  824331,201406
20140411,110.42511443,110.46511809,110.41011305,110.44011580,  238192,  809152,201406
20140414,110.45511718,110.47011855,110.44011580,110.45011672,  130705,  804193,201406
20140415,110.44511626,110.53012405,110.44511626,110.51012221,  309714,  812380,201406
20140416,110.50012130,110.51512267,110.48011947,110.49512084,  188554,  824692,201406
20140417,110.49012038,110.50512176,110.40011214,110.43011489,  221709,  828997,201406
20140422,110.42011397,110.43511534,110.40011214,110.41511351,  154831,  804939,201406
20140423,110.42511443,110.43011489,110.37510985,110.41511351,  258317,  804000,201406
20140424,110.38011031,110.42511443,110.35010756,110.39011122,  367738,  806118,201406
20140425,110.38511076,110.43511534,110.38011031,110.42011397,  216374,  813458,201406
20140428,110.41011305,110.42011397,110.38511076,110.40511260,  159561,  811829,201406
20140429,110.40511260,110.48511992,110.37010939,110.46011763,  391194,  812901,201406
20140430,110.47511901,110.49012038,110.43011489,110.47011855,  327331,  795793,201406
20140502,110.50512176,110.52512359,110.44511626,110.51012221,  322386,  817336,201406
20140505,110.51512267,110.51512267,110.48511992,110.48511992,  103343,  807429,201406
20140506,110.50012130,110.51012221,110.45011672,110.46511809,  192245,  801519,201406
20140507,110.47511901,110.49012038,110.44011580,110.47011855,  238638,  805573,201406
20140508,110.47011855,110.54512542,110.42011397,110.53512450,  537221,  848778,201406
20140509,110.53012405,110.55512634,110.49012038,110.50012130,  290403,  880393,201406
20140512,110.50012130,110.51012221,110.48511992,110.50012130,  161757,  877990,201406
20140513,110.50512176,110.56512725,110.50012130,110.55012588,  281659,  884462,201406
20140514,110.54512542,110.58512909,110.54012496,110.57012771,  320879,  884321,201406
20140515,110.57012771,110.61513183,110.56012680,110.61013138,  443356,  890948,201406
20140516,110.61013138,110.61513183,110.58012863,110.58512909,  263258,  884262,201406
20140519,110.59012954,110.61013138,110.58012863,110.59513000,  271187,  879768,201406
20140520,110.60013046,110.62513275,110.58512909,110.61513183,  195899,  869914,201406
20140521,110.62513275,110.63513367,110.60513092,110.60513092,  321744,  840349,201406
20140522,110.60513092,110.64513458,110.60013046,110.64513458,  288470,  847605,201406
20140523,110.64513458,110.65513550,110.63513367,110.64013412,  211719,  843694,201406
20140526,110.65013504,110.67013687,110.65013504,110.66513641,   45360,  845192,201406
20140527,110.65513550,110.67513733,110.65013504,110.66013596,  297189,  836304,201406
20140528,110.66013596,110.67013687,110.65013504,110.66513641,  328202,  841262,201406
20140529,110.66013596,110.67013687,110.64013412,110.65013504,  212029,  845741,201406
20140530,110.64013412,110.65513550,110.62513275,110.65013504,  254631,  830298,201406
20140602,110.65013504,110.68513825,110.64513458,110.65513550,  538739,  692201,201406
20140603,110.65513550,110.66013596,110.62513275,110.64013412,  771898,  352895,201406
20140604,110.64513458,110.68513825,110.64513458,110.65513550,  577720,  151200,201406
20140605,110.69014413,110.72515683,110.62512055,110.67013687,  685368,  941449,201409
20140606,110.69014413,110.70014776,110.65012962,110.65513143,  323424,  925850,201409
20140609,110.65513143,110.67013687,110.63512417,110.64512780,  150187,  936384,201409
20140610,110.65513143,110.66013324,110.63012236,110.63512417,  221711,  953683,201409
20140611,110.63012236,110.69014413,110.63012236,110.68014050,  347244,  967859,201409
20140612,110.67513869,110.71015138,110.67513869,110.69514594,  313809,  965641,201409
20140613,110.68014050,110.71515320,110.66013324,110.70014776,  351937,  954762,201409
20140616,110.71515320,110.71515320,110.69014413,110.70014776,  161197,  950153,201409
20140617,110.69514594,110.70514957,110.65012962,110.66013324,  241616,  928598,201409
20140618,110.66513506,110.68514231,110.65513143,110.67513869,  162496,  940531,201409
20140619,110.69014413,110.69514594,110.67513869,110.69514594,  192203,  936583,201409
20140620,110.68514231,110.69014413,110.66513506,110.68014050,  147075,  937684,201409
20140623,110.67513869,110.69514594,110.66513506,110.68014050,  146892,  936679,201409
20140624,110.67013687,110.69014413,110.67013687,110.68014050,  111755,  936785,201409
20140625,110.68514231,110.71015138,110.68014050,110.70014776,  223820,  937931,201409
20140626,110.69514594,110.71515320,110.68514231,110.71015138,  152633,  935876,201409
20140627,110.71015138,110.71015138,110.68014050,110.69014413,  143737,  926132,201409
20140630,110.68514231,110.71015138,110.67513869,110.70014776,  211894,  924355,201409
20140701,110.70514957,110.73015864,110.69514594,110.72015501,  176066,  949126,201409
20140702,110.72015501,110.73015864,110.70014776,110.70514957,  156039,  951996,201409
20140703,110.71015138,110.73015864,110.68514231,110.71515320,  221129,  961643,201409
20140704,110.72015501,110.74016227,110.71515320,110.72015501,   85898,  956547,201409
20140707,110.71515320,110.73015864,110.71015138,110.72515683,  119462,  952852,201409
20140708,110.72515683,110.74016227,110.71515320,110.72515683,  162664,  968773,201409
20140709,110.73015864,110.73516045,110.71015138,110.72515683,  154053,  964575,201409
20140710,110.72015501,110.74516408,110.71515320,110.72515683,  209471,  964614,201409
20140711,110.72015501,110.73015864,110.71515320,110.72515683,  146356,  969600,201409
20140714,110.72515683,110.73015864,110.71015138,110.72015501,   73218,  956052,201409
20140715,110.72015501,110.73516045,110.70514957,110.72015501,  162411,  952728,201409
20140716,110.72515683,110.73015864,110.71515320,110.72015501,   90634,  961780,201409
20140717,110.72515683,110.73015864,110.71515320,110.72015501,  154267,  941294,201409
20140718,110.72015501,110.72515683,110.70014776,110.70514957,  148540,  945320,201409
20140721,110.71515320,110.71515320,110.70514957,110.71015138,   85390,  946932,201409
20140722,110.71015138,110.71015138,110.69014413,110.70014776,  158650,  922854,201409
20140723,110.70514957,110.71015138,110.70014776,110.70514957,   72816,  914937,201409
20140724,110.71015138,110.71015138,110.68514231,110.69014413,  144295,  895143,201409
20140725,110.69014413,110.71515320,110.69014413,110.70514957,  100204,  892507,201409
20140728,110.71015138,110.71515320,110.68514231,110.69514594,  109501,  890709,201409
20140729,110.68514231,110.71015138,110.68014050,110.70514957,  159836,  887518,201409
20140730,110.71015138,110.71015138,110.68014050,110.69514594,  162782,  872915,201409
20140731,110.69014413,110.71515320,110.68514231,110.70014776,  259725,  883265,201409
20140801,110.70514957,110.72515683,110.69514594,110.71515320,  217243,  889436,201409
20140804,110.71515320,110.72015501,110.70514957,110.71015138,   94944,  880954,201409
20140805,110.71015138,110.71015138,110.69514594,110.70514957,  135006,  881837,201409
20140806,110.70514957,110.75516771,110.70514957,110.73516045,  252124,  902704,201409
20140807,110.74516408,110.76517134,110.73015864,110.74516408,  293965,  909833,201409
20140808,110.76517134,110.77017315,110.72515683,110.74516408,  218650,  890232,201409
20140811,110.72515683,110.77017315,110.72515683,110.76517134,  167033,  916082,201409
20140812,110.76517134,110.77517497,110.76016952,110.76517134,  113350,  919431,201409
20140813,110.75516771,110.78017678,110.75516771,110.77017315,  128222,  931099,201409
20140814,110.77017315,110.78017678,110.74516408,110.77017315,  214264,  957952,201409
20140815,110.76517134,110.78517859,110.76016952,110.78017678,  140538,  919688,201409
20140818,110.77017315,110.77517497,110.76016952,110.77017315,   90645,  925233,201409
20140819,110.77017315,110.78517859,110.76517134,110.78017678,  133407,  929714,201409
20140820,110.77517497,110.78517859,110.76517134,110.77517497,  149889,  921339,201409
20140821,110.77017315,110.78517859,110.76517134,110.78017678,  146318,  925198,201409
20140822,110.77017315,110.79018041,110.76517134,110.78017678,  127843,  921229,201409
20140825,110.78517859,110.89021669,110.78517859,110.85020218,  279188,  954587,201409
20140826,110.87020943,110.87020943,110.81018766,110.81518948,  400789,  866126,201409
20140827,110.82019129,110.83019492,110.79518222,110.80018404,  223203,  817462,201409
20140828,110.81018766,110.82019129,110.80018404,110.80518585,  195500,  799246,201409
20140829,110.81018766,110.84019855,110.79518222,110.83019492,  239144,  768535,201409
20140901,110.83519673,110.86520762,110.82519311,110.85520399,  196855,  714430,201409
20140902,110.85520399,110.86020580,110.83019492,110.84019855,  460939,  590975,201409
20140903,110.83519673,110.84520036,110.80518585,110.81518948,  656200,  378865,201409
20140904,110.80018404,110.94023483,110.78517859,110.91022394,  762991,  176926,201409
20140905,110.91020502,110.94017805,110.87024098,110.89521850,  470293,  895331,201412
20140908,110.88522749,110.91020502,110.87523648,110.89022300,  210715,  860065,201412
20140909,110.88023199,110.90520951,110.88023199,110.90021401,  195021,  861896,201412
20140910,110.88522749,110.89521850,110.86024997,110.88023199,  250847,  847684,201412
20140911,110.89022300,110.90021401,110.88522749,110.90021401,  210902,  876165,201412
20140912,110.89022300,110.89521850,110.85025896,110.85525446,  166349,  882124,201412
20140915,110.86024997,110.89521850,110.85525446,110.88522749,  157252,  883061,201412
20140916,110.89022300,110.89521850,110.85525446,110.86024997,  205862,  875745,201412
20140917,110.86524547,110.89521850,110.85025896,110.88522749,  200971,  880197,201412
20140918,110.87523648,110.88522749,110.84026795,110.84526345,  280218,  889922,201412
20140919,110.85025896,110.89022300,110.83027694,110.88522749,  226587,  868639,201412
20140922,110.89022300,110.89022300,110.86024997,110.87024098,  135478,  869996,201412
20140923,110.88522749,110.88522749,110.83527244,110.84026795,  225943,  859817,201412
20140924,110.84026795,110.86024997,110.83527244,110.85525446,  199289,  850284,201412
20140925,110.84526345,110.88522749,110.84526345,110.88522749,  155936,  847035,201412
20140926,110.88522749,110.89022300,110.87523648,110.88522749,  150088,  836456,201412
20140929,110.88522749,110.90021401,110.87024098,110.88522749,  157179,  840508,201412
20140930,110.87024098,110.91520052,110.87024098,110.90520951,  182606,  845382,201412
20141001,110.90520951,110.92519153,110.90021401,110.91520052,  210883,  849659,201412
20141002,110.91020502,110.92019603,110.88023199,110.89521850,  202252,  862416,201412
20141003,110.88023199,110.88522749,110.85025896,110.87523648,  157938,  857797,201412
20141006,110.88023199,110.89521850,110.87523648,110.89022300,  143810,  856324,201412
20141007,110.88522749,110.89521850,110.86524547,110.87523648,  175265,  853519,201412
20141008,110.87523648,110.88522749,110.86524547,110.87523648,  139323,  850618,201412
20141009,110.87523648,110.89022300,110.86024997,110.87024098,  150541,  846749,201412
20141010,110.87024098,110.87523648,110.85525446,110.86024997,  226822,  853037,201412
20141013,110.86524547,110.87024098,110.82528143,110.84026795,  278409,  837047,201412
20141014,110.83027694,110.86524547,110.83027694,110.85025896,  200607,  822342,201412
20141015,110.85025896,110.89521850,110.85025896,110.87523648,  358531,  827397,201412
20141016,110.86024997,110.92519153,110.85025896,110.86024997,  470499,  789284,201412
20141017,110.86524547,110.87024098,110.83027694,110.86024997,  223678,  828593,201412
20141020,110.86024997,110.89022300,110.85025896,110.88023199,  184623,  834253,201412
20141021,110.87523648,110.88522749,110.81529042,110.85525446,  225833,  834716,201412
20141022,110.82528143,110.86024997,110.82028593,110.84526345,  202614,  817316,201412
20141023,110.85025896,110.85525446,110.83527244,110.85025896,  179815,  808161,201412
20141024,110.85025896,110.87024098,110.82528143,110.83527244,  201826,  815225,201412
20141027,110.83527244,110.85525446,110.82028593,110.85025896,  127809,  813536,201412
20141028,110.84526345,110.86024997,110.83527244,110.85025896,  148375,  808519,201412
20141029,110.85525446,110.86024997,110.82528143,110.83527244,  113086,  809175,201412
20141030,110.83527244,110.87024098,110.83027694,110.85025896,  172504,  808309,201412
20141031,110.85025896,110.89521850,110.84026795,110.87024098,  206877,  808309,201412
20141103,110.89521850,110.89521850,110.85525446,110.85525446,  193549,  822716,201412
20141104,110.87523648,110.88522749,110.85525446,110.87024098,  183605,  820523,201412
20141105,110.86524547,110.88522749,110.85525446,110.87523648,  158732,  832352,201412
20141106,110.88522749,110.89521850,110.86024997,110.87024098,  175241,  837433,201412
20141107,110.88522749,110.89022300,110.87024098,110.88023199,  160190,  847242,201412
20141110,110.88023199,110.89022300,110.85525446,110.86524547,  163559,  842376,201412
20141111,110.86024997,110.86524547,110.85025896,110.86024997,   88949,  839057,201412
20141112,110.86524547,110.87024098,110.85525446,110.86524547,  155754,  873885,201412
20141113,110.86024997,110.86524547,110.84026795,110.85025896,  216238,  890310,201412
20141114,110.85525446,110.85525446,110.84026795,110.85025896,  114264,  905226,201412
20141117,110.85025896,110.85525446,110.83027694,110.84026795,  145939,  892942,201412
20141118,110.83527244,110.84026795,110.79031289,110.80529941,  221403,  882072,201412
20141119,110.79530840,110.80529941,110.76033986,110.77033087,  461749,  893383,201412
20141120,110.76533537,110.79031289,110.75034885,110.78032188,  329498,  896460,201412
20141121,110.78032188,110.82028593,110.76533537,110.80030390,  346614,  902324,201412
20141124,110.79530840,110.82028593,110.79530840,110.80529941,  157442,  888546,201412
20141125,110.80529941,110.82028593,110.79530840,110.80529941,  196510,  892117,201412
20141126,110.80529941,110.82028593,110.79530840,110.81529042,  206903,  868732,201412
20141127,110.81029491,110.83027694,110.80030390,110.81029491,  122482,  862990,201412
20141128,110.80529941,110.81529042,110.78531739,110.79031289,  186167,  832728,201412
20141201,110.79530840,110.79530840,110.74535335,110.76033986,  394081,  778667,201412
20141202,110.75534436,110.79530840,110.75034885,110.79031289,  477147,  606673,201412
20141203,110.78531739,110.81529042,110.78032188,110.80529941,  530545,  377217,201412
20141204,110.81529042,110.82028593,110.76533537,110.77532638,  464877,  224928,201412
20141205,110.82528143,110.83527244,110.78032188,110.80030390,  327940,  811329,201503
20141208,110.80030390,110.85025896,110.79031289,110.82528143,  235185,  813304,201503
20141209,110.84026795,110.84526345,110.82028593,110.83527244,  218885,  824209,201503
20141210,110.84026795,110.84526345,110.82028593,110.82528143,  169695,  840353,201503
20141211,110.82528143,110.84526345,110.81529042,110.84026795,  171084,  842264,201503
20141212,110.84026795,110.86524547,110.83527244,110.87523648,  125745,  843467,201503
20141215,110.85525446,110.90021401,110.84526345,110.87523648,  146274,  843549,201503
20141216,110.89521850,110.94017805,110.88522749,110.90021401,  310856,  860190,201503
20141217,110.92019603,110.93518254,110.91020502,110.92019603,  189607,  869111,201503
20141218,110.93018704,110.96016007,110.92019603,110.93518254,  199446,  881695,201503
20141219,110.93518254,110.96016007,110.93018704,110.94517355,  152343,  898164,201503
20141222,110.95016906,110.98014209,110.94517355,110.97015108,  110854,  906217,201503
20141223,110.95516456,110.98014209,110.95516456,110.96515557,   86914,  940377,201503
20141229,110.96515557,110.99013310,110.96016007,110.99013310,   94472,  921500,201503
20141230,110.99013310,111.00511962,110.98014209,110.99013310,   77043,  926782,201503
20150102,111.00012411,111.01011512,110.97514658,111.00012411,  172079,  936027,201503
20150105,110.98513759,111.00012411,110.98014209,110.98513759,  158122,  958489,201503
20150106,110.98513759,111.00012411,110.97514658,110.98513759,  176688,  945884,201503
20150107,110.99013310,111.00012411,110.98014209,110.99013310,  237439,  990693,201503
20150108,110.98513759,110.99512860,110.97015108,110.98014209,  169078,  973720,201503
20150109,110.97514658,111.02510164,110.97514658,111.01011512,  292625,  962654,201503
20150112,110.99512860,111.00511962,110.97514658,111.00012411,  238667,  962441,201503
20150113,110.99512860,111.01011512,110.99013310,111.00012411,  168167,  948628,201503
20150114,111.00511962,111.01511063,110.99512860,111.00012411,  218788,  921084,201503
20150115,111.00012411,111.07505669,110.99013310,111.06007017,  368818,  916389,201503
20150116,111.07006118,111.09503871,111.05007916,111.08504770,  346484,  898588,201503
20150119,111.08005219,111.11002522,111.07505669,111.10003421,  146021,  902541,201503
20150120,111.09004320,111.09503871,111.05507467,111.07505669,  242413,  901026,201503
20150121,111.05507467,111.09004320,111.05007916,111.08005219,  373670,  897893,201503
20150122,111.06506568,111.13000724,111.04008815,111.09004320,  412955,  899168,201503
20150123,111.11502073,111.12501174,111.08504770,111.10502972,  293916,  902023,201503
20150126,111.10003421,111.11502073,111.06007017,111.06506568,  198697,  898371,201503
20150127,111.07006118,111.08504770,111.06007017,111.08005219,  169228,  912841,201503
20150128,111.07006118,111.13999825,111.06007017,111.11002522,  229153,  947392,201503
20150129,111.12001623,111.13500275,111.10502972,111.12501174,  268909,  976827,201503
20150130,111.12001623,111.15498477,111.11002522,111.13000724,  270581,  995880,201503
20150202,111.14499376,111.14998926,111.11502073,111.14499376,  265215,  977992,201503
20150203,111.12501174,111.16997128,111.11002522,111.15998027,  304539,  945773,201503
20150204,111.14499376,111.17996229,111.13999825,111.14499376,  201652,  935771,201503
20150205,111.15998027,111.18495780,111.14499376,111.15998027,  197468,  940385,201503
20150206,111.16497578,111.18495780,111.14998926,111.17496679,  158419,  949767,201503
20150209,111.18995331,111.18995331,111.16997128,111.17996229,  114518,  949876,201503
20150210,111.17996229,111.20993533,111.16997128,111.19994432,  257214,  969432,201503
20150211,111.19994432,111.21493083,111.18995331,111.20993533,  266418,  976011,201503
20150212,111.21493083,111.22492184,111.19494881,111.20993533,  218083,  998029,201503
20150213,111.20993533,111.21493083,111.17996229,111.19994432,  174543,  992201,201503
20150216,111.19994432,111.22991735,111.19494881,111.20993533,  107510, 1005130,201503
20150217,111.22991735,111.22991735,111.16497578,111.18495780,  225864, 1003429,201503
20150218,111.17496679,111.20993533,111.16997128,111.19994432,  169072, 1025066,201503
20150219,111.20493982,111.20993533,111.18495780,111.19994432,  169678, 1008957,201503
20150220,111.18995331,111.21992634,111.18495780,111.20493982,  181364, 1012961,201503
20150223,111.19994432,111.20993533,111.17996229,111.20493982,  266674,  998852,201503
20150224,111.20993533,111.20993533,111.18995331,111.20493982,  164396,  994185,201503
20150225,111.19994432,111.23491285,111.19994432,111.22492184,  239406,  982539,201503
20150226,111.22991735,111.23990836,111.21992634,111.22991735,  252253,  955002,201503
20150227,111.22492184,111.23491285,111.19994432,111.21493083,  180784,  934639,201503
20150302,111.21493083,111.21992634,111.16997128,111.17996229,  576051,  695698,201503
20150303,111.17496679,111.19994432,111.16997128,111.17996229,  538395,  466433,201503
20150304,111.17996229,111.18995331,111.14499376,111.16997128,  596063,  235484,201503
20150305,111.18002075,111.18502210,111.07999374,111.13000724,  741203, 1121239,201506
20150306,111.18002075,111.18002075,111.14501129,111.15501400,  260926, 1123292,201506
20150309,111.17501940,111.19502480,111.16001535,111.18502210,  257869, 1126594,201506
20150310,111.18002075,111.27004506,111.18002075,111.24003695,  394732, 1164903,201506
20150311,111.24503830,111.25003965,111.22003155,111.24003695,  302456, 1162671,201506
20150312,111.24503830,111.26004236,111.21002885,111.23003425,  237335, 1176913,201506
20150313,111.22003155,111.23503560,111.20502750,111.21002885,  240617, 1206120,201506
20150316,111.22003155,111.23003425,111.17001805,111.18502210,  214856, 1215159,201506
20150317,111.17501940,111.19002345,111.15501400,111.17001805,  281127, 1210707,201506
20150318,111.17001805,111.24503830,111.16501670,111.23003425,  290683, 1267463,201506
20150319,111.22503290,111.25003965,111.21503020,111.23503560,  217205, 1270958,201506
20150320,111.24503830,111.25003965,111.23003425,111.24503830,  125296, 1271413,201506
20150323,111.24503830,111.25003965,111.20002615,111.20502750,  137352, 1260200,201506
20150324,111.20002615,111.22503290,111.20002615,111.20002615,  125310, 1243962,201506
20150325,111.21002885,111.23503560,111.20502750,111.22003155,  150676, 1250270,201506
20150326,111.22503290,111.26004236,111.22003155,111.25504100,  128127, 1264682,201506
20150327,111.25504100,111.26004236,111.23503560,111.24503830,  195935, 1273047,201506
20150330,111.25003965,111.26004236,111.23503560,111.24503830,  175279, 1225825,201506
20150331,111.25003965,111.26504371,111.22503290,111.25504100,  177441, 1237364,201506
20150401,111.25003965,111.28004776,111.23503560,111.26504371,  199921, 1228219,201506
20150402,111.26504371,111.28004776,111.25504100,111.27004506,  152564, 1228219,201506
20150407,111.27004506,111.29005046,111.26504371,111.29005046,   98503, 1244735,201506
20150408,111.29005046,111.33006126,111.28504911,111.31505721,  199827, 1259931,201506
20150409,111.33006126,111.33006126,111.30505451,111.31505721,  137614, 1277971,201506
20150410,111.31005586,111.32005856,111.30005316,111.31005586,   97835, 1268474,201506
20150413,111.30505451,111.32505991,111.30505451,111.31505721,   83931, 1279491,201506
20150414,111.32005856,111.33006126,111.31005586,111.32005856,  120577, 1277495,201506
20150415,111.32005856,111.33506261,111.30005316,111.31005586,  170511, 1280109,201506
20150416,111.30505451,111.32505991,111.30005316,111.32005856,  141088, 1274362,201506
20150417,111.31505721,111.33006126,111.29005046,111.30505451,  172117, 1254506,201506
20150420,111.30005316,111.30505451,111.28004776,111.29005046,  141597, 1250753,201506
20150421,111.29005046,111.31005586,111.28004776,111.29505181,  171609, 1251494,201506
20150422,111.28504911,111.31005586,111.26504371,111.27504641,  174947, 1247873,201506
20150423,111.28004776,111.30005316,111.27004506,111.30005316,  257579, 1225590,201506
20150424,111.29505181,111.30005316,111.27504641,111.28504911,  178784, 1214458,201506
20150427,111.28504911,111.31005586,111.28504911,111.29505181,  148479, 1216755,201506
20150428,111.30005316,111.33006126,111.29505181,111.30005316,  185679, 1230655,201506
20150429,111.30005316,111.31005586,111.22003155,111.23003425,  431912, 1213279,201506
20150430,111.22503290,111.24003695,111.18502210,111.20502750,  422223, 1213279,201506
20150504,111.20502750,111.21503020,111.18002075,111.21002885,  236571, 1241933,201506
20150505,111.20002615,111.22503290,111.19002345,111.21002885,  314272, 1223656,201506
20150506,111.20002615,111.21503020,111.19002345,111.20502750,  312182, 1210627,201506
20150507,111.20002615,111.21503020,111.16001535,111.19002345,  404889, 1179837,201506
20150508,111.20502750,111.22003155,111.18502210,111.20502750,  218821, 1183256,201506
20150511,111.20502750,111.22003155,111.19002345,111.21002885,  181819, 1149626,201506
20150512,111.19002345,111.21002885,111.18002075,111.19002345,  254268, 1121200,201506
20150513,111.18502210,111.19502480,111.14501129,111.17001805,  365363, 1097556,201506
20150514,111.15501400,111.17501940,111.14000994,111.15501400,  279639, 1072110,201506
20150515,111.16501670,111.18502210,111.15001265,111.17501940,  184582, 1075775,201506
20150518,111.17501940,111.18002075,111.16501670,111.17501940,  122853, 1062791,201506
20150519,111.17501940,111.24003695,111.17501940,111.19502480,  262232, 1038514,201506
20150520,111.20002615,111.22503290,111.19502480,111.22003155,  182996, 1043009,201506
20150521,111.21503020,111.23003425,111.21002885,111.21503020,  215819, 1063857,201506
20150522,111.22003155,111.24003695,111.19502480,111.21002885,  238929, 1059119,201506
20150526,111.21503020,111.23503560,111.21002885,111.22503290,  234637, 1033464,201506
20150527,111.23003425,111.23503560,111.21503020,111.22503290,  250623, 1012516,201506
20150528,111.22503290,111.24003695,111.21002885,111.21503020,  205022,  948080,201506
20150529,111.21503020,111.23503560,111.20002615,111.20502750,  326463,  857157,201506
20150601,111.20502750,111.22503290,111.17001805,111.20502750,  337714,  776815,201506
20150602,111.18502210,111.20502750,111.14501129,111.16001535,  606625,  645619,201506
20150603,111.14000994,111.18002075,111.12000454,111.13000724,  605647,  362876,201506
20150604,111.12500589,111.16501670,111.11000184,111.14501129,  412033,  182184,201506
20150605,111.20000995,111.20500928,111.13501872,111.16001535,  373439,  999123,201509
20150608,111.16501467,111.17001400,111.13001939,111.14001804,  190910,  987502,201509
20150609,111.13501872,111.14501737,111.09502411,111.10002343,  367212,  977269,201509
20150610,111.10002343,111.14501737,111.07502680,111.12002074,  398703,  987066,201509
20150611,111.13001939,111.16501467,111.12502006,111.14501737,  255064,  998034,201509
20150612,111.15501602,111.19001130,111.14501737,111.17001400,  298361, 1000959,201509
20150615,111.18001265,111.20500928,111.16501467,111.18001265,  191274,  994265,201509
20150616,111.19501063,111.21000861,111.18501198,111.20500928,  244259,  980463,201509
20150617,111.20000995,111.21500793,111.19501063,111.20500928,  175770,  962830,201509
20150618,111.21500793,111.23000591,111.18501198,111.21000861,  213782,  959400,201509
20150619,111.21000861,111.23500524,111.19501063,111.22500659,  184588,  953217,201509
20150622,111.22000726,111.22500659,111.17001400,111.18501198,  267603,  935729,201509
20150623,111.20000995,111.20000995,111.18001265,111.19501063,  158325,  930643,201509
20150624,111.20000995,111.22000726,111.19001130,111.20500928,  200304,  914704,201509
20150625,111.21000861,111.22000726,111.20000995,111.21000861,  128227,  910905,201509
20150626,111.21500793,111.22500659,111.17001400,111.19001130,  211291,  914364,201509
20150629,111.24500389,111.28499850,111.22500659,111.25000322,  386213,  917161,201509
20150630,111.25500254,111.28499850,111.25000322,111.26000187,  279024,  893081,201509
20150701,111.27000052,111.29499715,111.25500254,111.28499850,  389055,  866124,201509
20150702,111.29499715,111.30999513,111.27499985,111.29499715,  240178,  872414,201509
20150703,111.30499580,111.32999243,111.29499715,111.31499445,  167341,  860628,201509
20150706,111.36998704,111.37498637,111.30499580,111.30999513,  253191,  863237,201509
20150707,111.33499176,111.35498906,111.31499445,111.34499041,  244911,  883532,201509
20150708,111.33499176,111.35498906,111.31999378,111.31999378,  231558,  902481,201509
20150709,111.32499311,111.33499176,111.30999513,111.31499445,  211998,  909312,201509
20150710,111.30499580,111.30999513,111.21000861,111.22000726,  382287,  933205,201509
20150713,111.23500524,111.26500119,111.19001130,111.26000187,  303627,  910268,201509
20150714,111.26000187,111.27499985,111.24500389,111.25500254,  160929,  908164,201509
20150715,111.27000052,111.29499715,111.26000187,111.27499985,  201122,  914178,201509
20150716,111.27999917,111.27999917,111.23500524,111.25500254,  248874,  911140,201509
20150717,111.25000322,111.26500119,111.24500389,111.25500254,  114097,  907223,201509
20150720,111.25500254,111.26500119,111.24500389,111.25500254,   96639,  904232,201509
20150721,111.25500254,111.26500119,111.24500389,111.25500254,  120599,  895356,201509
20150722,111.25000322,111.27499985,111.24500389,111.27000052,  109032,  891635,201509
20150723,111.26000187,111.27000052,111.25500254,111.26500119,   71447,  899388,201509
20150724,111.26000187,111.27499985,111.24500389,111.27499985,  137049,  884470,201509
20150727,111.25500254,111.27499985,111.25000322,111.26500119,   92253,  888010,201509
20150728,111.25500254,111.28499850,111.23500524,111.28499850,  170992,  880739,201509
20150729,111.27000052,111.30499580,111.26500119,111.29999648,  159288,  897069,201509
20150730,111.28999782,111.30999513,111.28499850,111.29499715,  153902,  904572,201509
20150731,111.30499580,111.30499580,111.27000052,111.27999917,  188047,  919444,201509
20150803,111.27499985,111.30999513,111.27000052,111.29999648,  130183,  918179,201509
20150804,111.29999648,111.31999378,111.29499715,111.30999513,  157890,  925168,201509
20150805,111.30499580,111.31999378,111.28999782,111.29999648,  187628,  930031,201509
20150806,111.30499580,111.30999513,111.28999782,111.29499715,  135769,  927355,201509
20150807,111.30499580,111.34499041,111.29999648,111.33999109,  159392,  933857,201509
20150810,111.33999109,111.35998839,111.32999243,111.34998974,  116983,  940502,201509
20150811,111.35498906,111.36998704,111.34998974,111.36498772,  161895,  955707,201509
20150812,111.37498637,111.39498367,111.36498772,111.37998569,  224426,  974708,201509
20150813,111.37498637,111.37998569,111.35998839,111.37498637,  135299,  989489,201509
20150814,111.36998704,111.37498637,111.35498906,111.36498772,   68690,  992162,201509
20150817,111.35998839,111.36498772,111.33499176,111.34499041,  115814, 1016923,201509
20150818,111.33499176,111.34998974,111.32499311,111.33999109,  135565, 1031442,201509
20150819,111.33499176,111.34998974,111.32499311,111.33499176,  132414, 1043878,201509
20150820,111.34499041,111.35498906,111.33499176,111.34998974,  143555, 1064035,201509
20150821,111.34499041,111.36498772,111.33499176,111.34998974,  125988, 1039928,201509
20150824,111.36998704,111.37498637,111.34499041,111.34998974,  309399, 1027033,201509
20150825,111.33999109,111.35498906,111.28999782,111.29499715,  345677,  967279,201509
20150826,111.29999648,111.31499445,111.28999782,111.30499580,  295761,  929037,201509
20150827,111.29999648,111.29999648,111.27000052,111.27999917,  201914,  917080,201509
20150828,111.27999917,111.27999917,111.24000456,111.26000187,  214961,  900476,201509
20150831,111.24500389,111.26000187,111.21000861,111.24000456,  296021,  850219,201509
20150901,111.21500793,111.27000052,111.21500793,111.25500254,  522745,  707887,201509
20150902,111.26000187,111.26500119,111.23000591,111.23500524,  447354,  564370,201509
20150903,111.24500389,111.32499311,111.24000456,111.30499580,  778242,  305299,201509
20150904,111.30499580,111.31999378,111.27999917,111.31499445,  367300,  135346,201509
20150907,111.33000052,111.33500119,111.28499446,111.29999648,  277191,  920978,201512
20150908,111.31499850,111.31499850,111.27999378,111.29499580,  174521,  938351,201512
20150909,111.29499580,111.30999782,111.28499446,111.29499580,  133280,  950946,201512
20150910,111.30999782,111.31499850,111.29499580,111.29499580,  135631,  945907,201512
20150911,111.30499715,111.32499985,111.29499580,111.31999917,  164523,  940746,201512
20150914,111.30999782,111.33500119,111.29999648,111.32499985,   82683,  946208,201512
20150915,111.33000052,111.34500254,111.29999648,111.30499715,  221617,  925928,201512
20150916,111.30499715,111.31999917,111.27999378,111.27999378,  237880,  925140,201512
20150917,111.28999513,111.30499715,111.23998839,111.24998974,  405521,  958477,201512
20150918,111.29499580,111.33500119,111.26999243,111.32499985,  314301,  956029,201512
20150921,111.33500119,111.34000187,111.30499715,111.32499985,  217730,  983185,201512
20150922,111.33500119,111.41001130,111.33500119,111.40000995,  422000, 1006511,201512
20150923,111.41001130,111.41501197,111.36000456,111.37000591,  283502, 1007307,201512
20150924,111.37500658,111.38000726,111.34500254,111.36500524,  288998, 1013582,201512
20150925,111.34500254,111.35500389,111.32499985,111.35000321,  172107,  988621,201512
20150928,111.35500389,111.38000726,111.35500389,111.37500658,  147493,  991969,201512
20150929,111.38000726,111.38500793,111.36000456,111.36500524,  249978,  989587,201512
20150930,111.36000456,111.37500658,111.34500254,111.36500524,  317875,  974127,201512
20151001,111.37000591,111.40501063,111.36000456,111.39000860,  242141,  961724,201512
20151002,111.39500928,111.41501197,111.37000591,111.39500928,  250329,  957864,201512
20151005,111.39000860,111.40000995,111.37000591,111.37500658,  195500,  959719,201512
20151006,111.37500658,111.38000726,111.34000187,111.35500389,  194871,  952331,201512
20151007,111.35000321,111.36500524,111.34000187,111.35000321,  175930,  940310,201512
20151008,111.35500389,111.37000591,111.34500254,111.35500389,  166443,  910740,201512
20151009,111.35500389,111.36500524,111.34500254,111.35500389,  119343,  894130,201512
20151012,111.35500389,111.38000726,111.34500254,111.36500524,  122195,  892349,201512
20151013,111.36500524,111.38500793,111.35500389,111.36000456,  136293,  889299,201512
20151014,111.36000456,111.39000860,111.36000456,111.38000726,  181120,  905571,201512
20151015,111.39000860,111.40501063,111.37000591,111.37500658,  213312,  930535,201512
20151016,111.37500658,111.40501063,111.37500658,111.40000995,  115257,  927571,201512
20151019,111.40501063,111.41001130,111.38000726,111.39000860,  230046,  913013,201512
20151020,111.39500928,111.40000995,111.33500119,111.34500254,  282820,  918152,201512
20151021,111.34500254,111.38500793,111.33500119,111.37000591,  235262,  924626,201512
20151022,111.37500658,111.52002612,111.37500658,111.49002208,  409894,  940286,201512
20151023,111.50502410,111.56503219,111.48002073,111.50502410,  353737,  928329,201512
20151026,111.51002478,111.53502814,111.50502410,111.51502545,  174869,  939954,201512
20151027,111.53502814,111.55503084,111.52002612,111.55003017,  207915,  962314,201512
20151028,111.54502949,111.58503488,111.52002612,111.56003151,  264305,  974980,201512
20151029,111.53502814,111.55503084,111.50002343,111.50502410,  280134,  968414,201512
20151030,111.51502545,111.53002747,111.48502141,111.49502275,  231583,  957138,201512
20151102,111.52502680,111.52502680,111.45501736,111.46501871,  311250,  950646,201512
20151103,111.48502141,111.50502410,111.47502006,111.49502275,  206079,  974610,201512
20151104,111.51502545,111.52502680,111.49002208,111.49502275,  229348,  992597,201512
20151105,111.51002478,111.51002478,111.48002073,111.50002343,  300922, 1033096,201512
20151106,111.50502410,111.51002478,111.43501467,111.44501602,  359463, 1039000,201512
20151109,111.43501467,111.54502949,111.42501332,111.49502275,  332901, 1007723,201512
20151110,111.54502949,111.57503353,111.53002747,111.55003017,  277063, 1030244,201512
20151111,111.57003286,111.59003556,111.56003151,111.58003421,  232686, 1047120,201512
20151112,111.58503488,111.61003825,111.56503219,111.57003286,  226865, 1060585,201512
20151113,111.57503353,111.62003960,111.57003286,111.59503623,  169190, 1054314,201512
20151116,111.63504162,111.63504162,111.59003556,111.60503758,  172182, 1063869,201512
20151117,111.61003825,111.63504162,111.60503758,111.62003960,  219948, 1063270,201512
20151118,111.63504162,111.63504162,111.60003690,111.60503758,  253362, 1068716,201512
20151119,111.60503758,111.62003960,111.58503488,111.61503892,  183056, 1094994,201512
20151120,111.62003960,111.64004229,111.61503892,111.63004095,  206348, 1091776,201512
20151123,111.63504162,111.65004364,111.61503892,111.63504162,  233004, 1127096,201512
20151124,111.64504297,111.67004634,111.59503623,111.62003960,  356251, 1078974,201512
20151125,111.60503758,111.70505105,111.60003690,111.67004634,  556192, 1033473,201512
20151126,111.68004768,111.69504971,111.66504566,111.68004768,  139354, 1026780,201512
20151127,111.68504836,111.70505105,111.67004634,111.67504701,  167391, 1002716,201512
20151130,111.68004768,111.69504971,111.66004499,111.67504701,  274537,  985144,201512
20151201,111.67004634,111.73005442,111.66504566,111.72005307,  512045,  862379,201512
20151202,111.72005307,111.73005442,111.69004903,111.72505375,  607060,  615443,201512
20151203,111.70505105,111.79006251,111.40501063,111.43501467,  904040,  407892,201512
20151204,111.42001153,111.46500749,111.38501466,111.41501197,  776489, 1052130,201603
20151207,111.42501108,111.49500480,111.42501108,111.47000704,  405165, 1064746,201603
20151208,111.46500749,111.48000615,111.44500928,111.46500749,  230838, 1060360,201603
20151209,111.47500660,111.50000435,111.45500839,111.48000615,  241219, 1050671,201603
20151210,111.48500570,111.53000167,111.48500570,111.50500391,  201294, 1064830,201603
20151211,111.50000435,111.55499942,111.49500480,111.54000077,  218641, 1087506,201603
20151214,111.53500122,111.54999987,111.50000435,111.52000256,  193765, 1080759,201603
20151215,111.51000346,111.52000256,111.47000704,111.49500480,  227351, 1074805,201603
20151216,111.50500391,111.52500211,111.45000884,111.48500570,  191258, 1073414,201603
20151217,111.48500570,111.53500122,111.48500570,111.51500301,  177136, 1037420,201603
20151218,111.52000256,111.54500032,111.51500301,111.53500122,  115450, 1032552,201603
20151221,111.53500122,111.55499942,111.51500301,111.54999987,   81744, 1025764,201603
20151222,111.54000077,111.54500032,111.49500480,111.50500391,  103998, 1023966,201603
20151223,111.50500391,111.52000256,111.48000615,111.48500570,   90580, 1023966,201603
20151228,111.48000615,111.50000435,111.47000704,111.50000435,   62740, 1023767,201603
20151229,111.48000615,111.49000525,111.46500749,111.48000615,   84872, 1027218,201603
20151230,111.47500660,111.51000346,111.47000704,111.50000435,   82750, 1027218,201603
20160104,111.51000346,111.54000077,111.50500391,111.52500211,  225439, 1037147,201603
20160105,111.51000346,111.57999718,111.50500391,111.56499853,  228701, 1007068,201603
20160106,111.57999718,111.60499494,111.56999808,111.59499584,  296179, 1009107,201603
20160107,111.59999539,111.64499136,111.57999718,111.58999629,  296475, 1016822,201603
20160108,111.59999539,111.62499315,111.58499673,111.60999449,  211353, 1027975,201603
20160111,111.61499405,111.62499315,111.58999629,111.60499494,  163389, 1045601,201603
20160112,111.59999539,111.60499494,111.56499853,111.59499584,  172760, 1060804,201603
20160113,111.58999629,111.60999449,111.56999808,111.59999539,  157176, 1077657,201603
20160114,111.59999539,111.61999360,111.57499763,111.58999629,  248787, 1056669,201603
20160115,111.59999539,111.64999091,111.59499584,111.63499225,  252658, 1049355,201603
20160118,111.60999449,111.62999270,111.59499584,111.62999270,  167281, 1019106,201603
20160119,111.61499405,111.63499225,111.60499494,111.62499315,  144029, 1017687,201603
20160120,111.62999270,111.67998822,111.62999270,111.65999001,  262263, 1055708,201603
20160121,111.64999091,111.75998105,111.62499315,111.71998463,  349897, 1063410,201603
20160122,111.73998284,111.74498239,111.70998553,111.73498329,  198265, 1074091,201603
20160125,111.73498329,111.74498239,111.72498419,111.72998374,  120787, 1074555,201603
20160126,111.74498239,111.75998105,111.73498329,111.75498150,  159453, 1083580,201603
20160127,111.75498150,111.76998015,111.71498508,111.73498329,  231215, 1065047,201603
20160128,111.73998284,111.75498150,111.72998374,111.73998284,  174937, 1040619,201603
20160129,111.75498150,111.82497522,111.75498150,111.81497612,  362753, 1073471,201603
20160201,111.80997657,111.82497522,111.76498060,111.77497970,  324399, 1065129,201603
20160202,111.78997836,111.81497612,111.77497970,111.79997746,  212218, 1086623,201603
20160203,111.80997657,111.84997298,111.79497791,111.83997388,  244236, 1102855,201603
20160204,111.82997477,111.83997388,111.79997746,111.80497701,  194283, 1118049,201603
20160205,111.81497612,111.82497522,111.78997836,111.81997567,  196970, 1135493,201603
20160208,111.81497612,111.87997029,111.81497612,111.84997298,  393319, 1130171,201603
20160209,111.87497074,111.88996939,111.83997388,111.88996939,  363886, 1143624,201603
20160210,111.85497253,111.87497074,111.84497343,111.84997298,  338000, 1168066,201603
20160211,111.86497164,111.93496536,111.85497253,111.90996760,  319115, 1180833,201603
20160212,111.89496895,111.91496715,111.81497612,111.84497343,  265472, 1180135,201603
20160215,111.84997298,111.86997119,111.81497612,111.85997208,  219026, 1214444,201603
20160216,111.85997208,111.86497164,111.82997477,111.84497343,  203853, 1203724,201603
20160217,111.86497164,111.86997119,111.81497612,111.83997388,  258689, 1215177,201603
20160218,111.84497343,111.85997208,111.82497522,111.85497253,  249283, 1192897,201603
20160219,111.85997208,111.90496805,111.84997298,111.87497074,  283278, 1132774,201603
20160222,111.85997208,111.89496895,111.85997208,111.88496984,  155042, 1114643,201603
20160223,111.87497074,111.88496984,111.83997388,111.85997208,  232247, 1105285,201603
20160224,111.86497164,111.88496984,111.82997477,111.84997298,  365901, 1024591,201603
20160225,111.83997388,111.88496984,111.81997567,111.87997029,  274952, 1018754,201603
20160226,111.87497074,111.90496805,111.86497164,111.88996939,  191318, 1015403,201603
20160229,111.89496895,111.94996402,111.88496984,111.93496536,  307830, 1009172,201603
20160301,111.94996402,111.94996402,111.89996850,111.91996671,  291808,  936500,201603
20160302,111.90496805,111.90996760,111.87997029,111.88996939,  676063,  702924,201603
20160303,111.89496895,111.95996312,111.87497074,111.93996491,  622380,  450854,201603
20160304,111.93996491,111.94996402,111.84997298,111.87997029,  688743,  144719,201603
20160307,111.88496984,111.90995309,111.86498325,111.88496984,  369102, 1122975,201606
20160308,111.89995979,111.93493634,111.89995979,111.91994639,  280050, 1162228,201606
20160309,111.89995979,111.90495644,111.84000000,111.84999330,  284587, 1167700,201606
20160310,111.84499665,111.90995309,111.64013403,111.66511728,  752578, 1132840,201606
20160311,111.67511057,111.70509047,111.64513068,111.67511057,  315616, 1091221,201606
20160314,111.69509717,111.71008712,111.66012063,111.68010722,  245238, 1101815,201606
20160315,111.67011393,111.68510387,111.65012733,111.65512398,  196547, 1080389,201606
20160316,111.65012733,111.68510387,111.63513738,111.66012063,  189429, 1067917,201606
20160317,111.67511057,111.69509717,111.67511057,111.68510387,  232972, 1042386,201606
20160318,111.69010052,111.71008712,111.68010722,111.69509717,  161210, 1027932,201606
20160321,111.70009382,111.72507707,111.69010052,111.70509047,  136825, 1027638,201606
20160322,111.70509047,111.73007372,111.69509717,111.70509047,  141178, 1032453,201606
20160323,111.70509047,111.71508377,111.69509717,111.70509047,  124967, 1030719,201606
20160324,111.71008712,111.72507707,111.68510387,111.70009382,  176698, 1030719,201606
20160329,111.69509717,111.74006702,111.69010052,111.72008042,  164454, 1010199,201606
20160330,111.73007372,111.73007372,111.71008712,111.72008042,  149812, 1008216,201606
20160331,111.72507707,111.73507037,111.70509047,111.71008712,  219088,  988800,201606
20160401,111.72008042,111.72507707,111.69509717,111.69509717,  180394,  955493,201606
20160404,111.71008712,111.71008712,111.68510387,111.70009382,  141106,  952393,201606
20160405,111.70509047,111.72507707,111.70009382,111.72008042,  181698,  944491,201606
20160406,111.71508377,111.73007372,111.70509047,111.73007372,  163882,  964711,201606
20160407,111.73007372,111.77004691,111.72507707,111.76505026,  192508,  959762,201606
20160408,111.75505696,111.79003351,111.75505696,111.78503686,  169956,  951035,201606
20160411,111.78004021,111.80002681,111.77504356,111.78503686,  162478,  938588,201606
20160412,111.79003351,111.79503016,111.77004691,111.78004021,  115394,  932666,201606
20160413,111.77004691,111.80002681,111.77004691,111.78503686,  140405,  934850,201606
20160414,111.77504356,111.79003351,111.74506366,111.76005361,  178817,  921550,201606
20160415,111.75006031,111.78004021,111.74506366,111.77504356,  107606,  930731,201606
20160418,111.77504356,111.78004021,111.74506366,111.75505696,  157492,  930965,201606
20160419,111.75505696,111.76505026,111.75006031,111.75505696,  108850,  929517,201606
20160420,111.76005361,111.77504356,111.74006702,111.75505696,  159883,  926247,201606
20160421,111.74506366,111.75505696,111.70009382,111.72507707,  294328,  922032,201606
20160422,111.73007372,111.76505026,111.71508377,111.74006702,  158301,  913143,201606
20160425,111.76505026,111.77004691,111.73007372,111.73507037,  191930,  919937,201606
20160426,111.74506366,111.75006031,111.71508377,111.72008042,  165118,  908314,201606
20160427,111.72507707,111.75505696,111.72008042,111.73007372,  169925,  903472,201606
20160428,111.75505696,111.76505026,111.73007372,111.73507037,  184093,  897130,201606
20160429,111.73507037,111.74006702,111.68510387,111.69010052,  263595,  892642,201606
20160502,111.70509047,111.72008042,111.68010722,111.68010722,  106526,  889160,201606
20160503,111.68510387,111.73507037,111.67511057,111.72507707,  249692,  877617,201606
20160504,111.72507707,111.74006702,111.71008712,111.73007372,  178586,  870527,201606
20160505,111.72507707,111.76505026,111.72008042,111.75006031,  148834,  862443,201606
20160506,111.76005361,111.78004021,111.75006031,111.77004691,  141867,  862443,201606
20160509,111.75505696,111.78004021,111.75505696,111.77504356,  132635,  882899,201606
20160510,111.77004691,111.77504356,111.76005361,111.76505026,  156829,  868164,201606
20160511,111.77004691,111.77504356,111.75505696,111.76505026,  159891,  845955,201606
20160512,111.76505026,111.78004021,111.75006031,111.76505026,  191930,  838068,201606
20160513,111.76005361,111.77504356,111.75505696,111.76505026,  167386,  870301,201606
20160516,111.77004691,111.77004691,111.75505696,111.76005361,   76419,  867758,201606
20160517,111.76005361,111.76505026,111.74506366,111.76005361,  161888,  864649,201606
20160518,111.75006031,111.76505026,111.73507037,111.75006031,  186034,  863041,201606
20160519,111.73507037,111.74506366,111.73007372,111.73507037,  223082,  861780,201606
20160520,111.73507037,111.74506366,111.72507707,111.74006702,  116076,  846691,201606
20160523,111.74006702,111.76005361,111.73507037,111.74006702,  207378,  837425,201606
20160524,111.74506366,111.75006031,111.74006702,111.74006702,  114968,  837516,201606
20160525,111.74506366,111.75505696,111.73507037,111.75006031,  164845,  853780,201606
20160526,111.75505696,111.78004021,111.74506366,111.77004691,  182207,  885262,201606
20160527,111.77504356,111.79503016,111.77004691,111.77504356,  174513,  809119,201606
20160530,111.77004691,111.77504356,111.75505696,111.76505026,   58819,  806209,201606
20160531,111.76005361,111.77004691,111.73507037,111.75505696,  345114,  757271,201606
20160601,111.76505026,111.78004021,111.75505696,111.77504356,  359944,  692879,201606
20160602,111.76505026,111.78004021,111.74506366,111.77004691,  559050,  526501,201606
20160603,111.77004691,111.82001340,111.77004691,111.80002681,  532747,  368252,201606
20160606,111.81002010,111.83500335,111.80002681,111.83000670,  661751,  130221,201606
20160607,111.83500000,111.84500000,111.82500000,111.84000000,  422649,  930778,201609
20160608,111.84000000,111.86000000,111.82500000,111.83500000,  328040,  949059,201609
20160609,111.83000000,111.85500000,111.83000000,111.85000000,  206459,  946340,201609
20160610,111.84000000,111.86000000,111.83000000,111.84500000,  214976,  934782,201609
20160613,111.85000000,111.85500000,111.83500000,111.85000000,  167916,  924771,201609
20160614,111.84500000,111.95000000,111.84000000,111.93000000,  425350,  947272,201609
20160615,111.91500000,111.95500000,111.91000000,111.94000000,  251915,  946334,201609
20160616,111.96000000,111.98500000,111.93500000,111.97000000,  265230,  950923,201609
20160617,111.95000000,111.98500000,111.94500000,111.97500000,  255651,  963223,201609
20160620,111.95500000,111.96500000,111.90000000,111.92500000,  279416,  961001,201609
20160621,111.92500000,111.93500000,111.91000000,111.92000000,  160453,  958863,201609
20160622,111.92000000,111.94000000,111.90000000,111.91500000,  195956,  952721,201609
20160623,111.92500000,111.94000000,111.86000000,111.89000000,  216269,  924407,201609
20160624,112.27000000,112.29500000,112.00500000,112.06500000,  296702,  967247,201609
20160627,112.04500000,112.09500000,112.03000000,112.05500000,  230950,  939094,201609
20160628,112.05000000,112.09000000,112.03500000,112.08500000,  153227,  936129,201609
20160629,112.07500000,112.10000000,112.05500000,112.06000000,  183858,  939135,201609
20160630,112.07000000,112.08500000,111.93000000,112.06500000,  284862,  950048,201609
20160701,112.02000000,112.06000000,111.99000000,112.05000000,  222811,  950813,201609
20160704,112.06000000,112.10000000,112.04500000,112.08500000,  111466,  942026,201609
20160705,112.10000000,112.12500000,112.08500000,112.11500000,  202790,  942026,201609
